4000
0 263564.00
1 253801.00
2 251293.00
3 241293.00
4 232012.00
5 222121.00
6 212786.00
7 204409.00
8 194516.00
9 184595.00
10 175101.00
11 165174.00
12 157117.00
13 147161.00
14 137869.00
15 127809.00
16 117735.00
17 107664.00
18 98226.00
19 88163.00
20 78098.00
21 68024.00
22 76821.00
23 83969.00
24 73904.00
25 86754.00
26 83796.00
27 83549.00
28 76229.00
29 91807.00
30 81781.00
31 75272.00
32 75203.00
33 73976.00
34 83943.00
35 74934.00
36 72887.00
37 87895.00
38 77837.00
39 75800.00
40 77599.00
41 82247.00
42 79370.00
43 75152.00
44 90451.00
45 80401.00
46 74871.00
47 80792.00
48 79647.00
49 75833.00
50 73477.00
51 76530.00
52 80424.00
53 78366.00
54 75386.00
55 87291.00
56 78103.00
57 74939.00
58 79733.00
59 73858.00
60 73934.00
61 73728.00
62 73558.00
63 73608.00
64 73705.00
65 81369.00
66 72997.00
67 73074.00
68 83115.00
69 77962.00
70 72649.00
71 77539.00
72 85463.00
73 81234.00
74 82071.00
75 76940.00
76 81931.00
77 77928.00
78 84618.00
79 84569.00
80 78367.00
81 77194.00
82 77368.00
83 83150.00
84 80833.00
85 72784.00
86 77800.00
87 75733.00
88 75334.00
89 72325.00
90 80129.00
91 74231.00
92 74787.00
93 76893.00
94 74956.00
95 74710.00
96 79471.00
97 79311.00
98 74157.00
99 74145.00
100 79577.00
101 73840.00
102 73796.00
103 73464.00
104 73357.00
105 74577.00
106 78155.00
107 78220.00
108 72880.00
109 81754.00
110 72608.00
111 73490.00
112 86599.00
113 77615.00
114 75195.00
115 72978.00
116 76990.00
117 95956.00
118 86834.00
119 80722.00
120 72495.00
121 76424.00
122 76371.00
123 74247.00
124 75890.00
125 87095.00
126 77005.00
127 75757.00
128 76450.00
129 75474.00
130 75541.00
131 86238.00
132 84952.00
133 81063.00
134 88915.00
135 79578.00
136 74598.00
137 72530.00
138 79623.00
139 73169.00
140 74240.00
141 81904.00
142 78807.00
143 76716.00
144 83688.00
145 73622.00
146 78351.00
147 75401.00
148 87142.00
149 77088.00
150 74916.00
151 81826.00
152 82707.00
153 80557.00
154 77682.00
155 75075.00
156 88418.00
157 86337.00
158 79137.00
159 76038.00
160 86891.00
161 84778.00
162 75491.00
163 80637.00
164 76235.00
165 83098.00
166 74209.00
167 73809.00
168 76061.00
169 82686.00
170 73667.00
171 83644.00
172 80303.00
173 85392.00
174 76057.00
175 82758.00
176 78930.00
177 75742.00
178 85710.00
179 75618.00
180 75258.00
181 73359.00
182 75235.00
183 75425.00
184 82968.00
185 74831.00
186 74782.00
187 90647.00
188 81395.00
189 84312.00
190 83264.00
191 74299.00
192 85022.00
193 75925.00
194 83051.00
195 77686.00
196 75625.00
197 73593.00
198 90128.00
199 97314.00
200 87225.00
201 77121.00
202 76769.00
203 72825.00
204 76768.00
205 76396.00
206 76572.00
207 76382.00
208 82257.00
209 78264.00
210 80733.00
211 75754.00
212 76504.00
213 80459.00
214 76292.00
215 74219.00
216 76244.00
217 74202.00
218 74867.00
219 80074.00
220 77940.00
221 75327.00
222 73676.00
223 77174.00
224 74341.00
225 92222.00
226 82250.00
227 84801.00
228 76743.00
229 78518.00
230 73416.00
231 82657.00
232 83079.00
233 78369.00
234 82214.00
235 77997.00
236 93761.00
237 86770.00
238 78603.00
239 78490.00
240 76289.00
241 77151.00
242 76818.00
243 75206.00
244 72604.00
245 76743.00
246 75393.00
247 73313.00
248 80470.00
249 77165.00
250 78985.00
251 75208.00
252 78138.00
253 75874.00
254 85730.00
255 76583.00
256 74528.00
257 76816.00
258 80389.00
259 73293.00
260 80074.00
261 78021.00
262 77633.00
263 87560.00
264 83286.00
266 83265.00
265 93404.00
267 83156.00
268 80122.00
269 73817.00
270 73782.00
271 82631.00
272 81439.00
273 78372.00
274 74352.00
275 74135.00
276 76207.00
277 73532.00
278 85603.00
279 81649.00
280 79618.00
281 77450.00
282 77459.00
283 77270.00
284 80185.00
285 75990.00
286 80785.00
287 101853.00
288 94642.00
289 86592.00
290 77242.00
291 81924.00
292 85423.00
293 76081.00
294 74131.00
295 74582.00
296 82557.00
297 79604.00
298 75558.00
299 101443.00
300 101223.00
301 93376.00
302 90100.00
303 79999.00
304 74831.00
305 76672.00
306 73713.00
307 75273.00
308 74991.00
309 73967.00
310 85166.00
311 76728.00
312 80969.00
313 79751.00
314 77648.00
315 77547.00
316 78576.00
317 76405.00
318 77294.00
319 76072.00
320 81983.00
321 84901.00
322 78662.00
323 76766.00
324 76606.00
325 74603.00
326 77454.00
327 75083.00
328 77235.00
329 102048.00
330 94026.00
331 83938.00
332 81572.00
333 77626.00
334 74468.00
335 76205.00
336 76776.00
337 86142.00
338 76944.00
339 75043.00
340 82664.00
341 77000.00
342 75581.00
343 72307.00
344 81077.00
345 80032.00
346 78237.00
347 77054.00
348 75941.00
349 74671.00
350 76728.00
351 74544.00
352 87196.00
353 79333.00
354 76230.00
355 75019.00
356 82014.00
357 76834.00
358 73761.00
359 77628.00
360 73363.00
361 97102.00
362 87866.00
363 77723.00
364 83758.00
365 82850.00
366 82731.00
367 80244.00
368 77191.00
369 75418.00
370 73196.00
371 98144.00
372 88064.00
373 79567.00
374 76625.00
375 75636.00
376 79552.00
377 75437.00
378 73270.00
379 79213.00
380 76852.00
381 79791.00
382 79776.00
383 76462.00
384 74371.00
385 79179.00
386 75334.00
387 73140.00
388 73714.00
389 75082.00
390 72968.00
391 75773.00
392 73326.00
393 73356.00
394 72344.00
395 73184.00
396 78889.00
397 73943.00
398 72981.00
399 72673.00
400 72643.00
401 86425.00
402 80533.00
403 78420.00
404 75105.00
405 78920.00
406 76748.00
407 75810.00
408 73477.00
409 83540.00
410 83458.00
411 74185.00
412 77952.00
413 72837.00
414 76972.00
415 77775.00
416 83734.00
417 73636.00
418 78417.00
419 76468.00
420 74068.00
421 77254.00
422 101745.00
423 92869.00
424 83665.00
425 79798.00
426 75514.00
427 73298.00
428 74101.00
429 74836.00
430 81670.00
431 79969.00
432 76581.00
433 74532.00
434 79257.00
435 79261.00
436 77313.00
437 75248.00
438 73389.00
439 78853.00
440 72808.00
441 77538.00
442 72836.00
443 77196.00
444 85381.00
445 78078.00
446 76888.00
447 74784.00
448 89832.00
449 82527.00
450 72436.00
451 84730.00
452 81321.00
453 76199.00
454 77791.00
455 76096.00
456 77696.00
457 90495.00
458 81615.00
459 78571.00
460 75145.00
461 81991.00
462 78365.00
463 76009.00
464 73932.00
465 76864.00
466 74380.00
467 74287.00
468 91266.00
469 81183.00
470 74251.00
471 74108.00
472 73761.00
473 73729.00
474 79578.00
475 74641.00
476 73296.00
477 75434.00
478 73344.00
479 72967.00
480 77710.00
481 75894.00
482 74588.00
483 78389.00
484 85450.00
485 76354.00
486 73189.00
487 77864.00
488 84973.00
489 74894.00
490 79426.00
491 77450.00
492 93405.00
493 84733.00
494 77176.00
495 76873.00
496 82701.00
497 86815.00
498 92747.00
499 83532.00
500 77678.00
501 75329.00
502 76980.00
503 76096.00
504 79978.00
505 75264.00
506 74839.00
507 76464.00
508 73665.00
509 75656.00
510 83275.00
511 92375.00
512 83413.00
513 80114.00
514 73966.00
515 73796.00
516 73446.00
517 76522.00
518 79481.00
519 85158.00
520 75083.00
521 79262.00
522 74874.00
523 81619.00
524 83853.00
525 79649.00
526 75248.00
527 77462.00
528 73233.00
529 73292.00
530 90070.00
531 79982.00
532 74850.00
533 84611.00
534 84757.00
535 76374.00
536 74542.00
537 78078.00
538 75995.00
540 75874.00
541 76173.00
542 80634.00
543 76885.00
544 75582.00
545 77310.00
546 80202.00
547 78102.00
548 76018.00
549 84908.00
550 81615.00
551 78556.00
552 76539.00
553 82402.00
554 77299.00
555 75387.00
556 73039.00
557 83876.00
558 75840.00
559 82741.00
560 80716.00
561 79500.00
562 76520.00
563 73039.00
564 73356.00
565 73467.00
566 72898.00
567 78829.00
568 72763.00
569 77601.00
570 75611.00
571 79361.00
572 77047.00
573 78319.00
574 75161.00
575 87759.00
576 77689.00
577 73545.00
578 81315.00
579 76416.00
580 81999.00
581 80228.00
582 75998.00
583 81922.00
584 87607.00
585 77543.00
586 76349.00
587 74260.00
588 74958.00
589 82024.00
590 79912.00
591 75594.00
592 73579.00
593 82730.00
594 80681.00
595 76353.00
596 83309.00
597 78118.00
598 78788.00
599 73895.00
600 80737.00
601 78622.00
602 78648.00
603 74368.00
604 73324.00
605 76294.00
606 73817.00
607 83629.00
608 83746.00
609 82495.00
610 76576.00
611 77321.00
612 81335.00
613 83297.00
614 73987.00
615 78079.00
616 83876.00
617 85886.00
618 76557.00
619 73566.00
620 76136.00
621 77301.00
622 73187.00
623 76113.00
624 75859.00
625 82552.00
626 81621.00
627 78385.00
628 75301.00
629 76298.00
630 80085.00
631 77064.00
632 79766.00
633 83058.00
634 76700.00
635 85476.00
636 86318.00
637 76246.00
638 82404.00
639 72315.00
640 83061.00
641 128903.00
642 118815.00
643 109795.00
644 99684.00
645 91355.00
646 83201.00
647 73104.00
648 73141.00
649 73134.00
650 76967.00
651 87697.00
652 77645.00
653 73443.00
654 81722.00
655 77550.00
656 77964.00
657 74177.00
658 77159.00
659 76734.00
660 76685.00
661 76701.00
662 76672.00
663 76421.00
664 77280.00
665 76779.00
666 76254.00
667 75856.00
668 75693.00
669 77757.00
670 75606.00
671 80344.00
672 77288.00
673 74171.00
674 72937.00
675 79741.00
676 74567.00
677 74677.00
678 75359.00
679 75685.00
680 82280.00
681 73251.00
682 74088.00
683 73680.00
684 73679.00
685 73707.00
686 73704.00
687 73415.00
688 78042.00
689 72951.00
690 72928.00
691 72735.00
692 81200.00
693 72708.00
694 72533.00
695 82695.00
696 77267.00
697 75188.00
698 77265.00
699 77028.00
700 76896.00
701 84514.00
702 78693.00
703 76618.00
704 76399.00
705 76108.00
706 76227.00
707 76397.00
708 75841.00
709 75917.00
710 77728.00
711 73495.00
712 76755.00
713 80376.00
714 75089.00
715 75047.00
716 75000.00
717 74913.00
718 82640.00
719 74273.00
720 79242.00
721 79203.00
722 79352.00
723 81884.00
724 78949.00
725 89919.00
726 81082.00
727 73474.00
728 73483.00
729 75265.00
730 73120.00
731 74092.00
732 77993.00
733 72836.00
734 72828.00
735 84631.00
736 74548.00
737 73459.00
738 78535.00
739 83318.00
740 79908.00
741 76937.00
742 77845.00
743 73118.00
744 76450.00
745 76545.00
746 84594.00
747 75231.00
748 82039.00
749 80321.00
750 75206.00
751 75923.00
752 80647.00
753 75809.00
754 75386.00
755 76649.00
756 78361.00
757 77267.00
758 80036.00
759 75792.00
760 80966.00
761 78936.00
762 76695.00
763 74485.00
764 75470.00
765 82285.00
766 82289.00
767 73894.00
768 76863.00
769 74011.00
770 74931.00
771 82306.00
772 73437.00
773 73237.00
774 73240.00
775 73216.00
776 72883.00
777 73025.00
778 80702.00
779 79874.00
780 82624.00
781 77491.00
782 85320.00
783 81982.00
784 79082.00
785 76691.00
786 76595.00
787 76606.00
788 76473.00
789 81302.00
790 81324.00
791 76171.00
792 82137.00
793 80177.00
794 76054.00
795 88697.00
796 78624.00
797 79556.00
798 76126.00
799 74134.00
800 75029.00
801 81674.00
802 79991.00
803 77958.00
804 74460.00
805 74491.00
806 79673.00
807 74100.00
808 74250.00
809 73940.00
810 74035.00
811 73726.00
812 73753.00
813 73859.00
814 78562.00
815 73534.00
816 73215.00
817 73414.00
818 74056.00
819 72995.00
820 81037.00
821 72769.00
822 72470.00
823 78564.00
824 90473.00
825 81982.00
826 76080.00
827 73896.00
828 76979.00
829 76857.00
830 77243.00
831 76216.00
832 76257.00
833 74206.00
834 76450.00
835 89205.00
836 88858.00
837 81744.00
838 75452.00
839 76364.00
840 84533.00
841 88159.00
842 79947.00
843 77772.00
844 82976.00
845 79625.00
846 73477.00
847 75544.00
848 72186.00
849 74408.00
850 74414.00
851 74181.00
852 75177.00
853 79007.00
854 82916.00
855 77880.00
856 75656.00
857 78504.00
858 73544.00
859 73252.00
860 73350.00
861 73262.00
862 72928.00
863 80977.00
864 78440.00
865 76620.00
866 80325.00
867 77384.00
868 92011.00
869 81941.00
870 76867.00
871 76940.00
872 81822.00
873 89911.00
874 79863.00
875 76692.00
876 76544.00
877 86320.00
878 84986.00
879 81984.00
880 80051.00
881 75706.00
882 83693.00
883 82672.00
884 78332.00
885 80538.00
886 79215.00
887 77114.00
888 75929.00
889 74021.00
890 90865.00
891 88714.00
892 78662.00
893 76580.00
894 74404.00
895 76211.00
896 74134.00
897 74285.00
898 73921.00
899 82949.00
900 79567.00
901 78528.00
902 73398.00
903 73213.00
904 77264.00
905 79202.00
906 76197.00
907 77887.00
908 73730.00
909 72816.00
910 77581.00
911 72548.00
912 82353.00
913 76101.00
914 78215.00
915 74166.00
916 80900.00
917 73983.00
918 86801.00
919 80477.00
920 78651.00
921 76434.00
922 76191.00
923 78069.00
924 72980.00
925 85018.00
926 82690.00
927 72559.00
928 77681.00
929 75703.00
930 77314.00
931 80324.00
932 75214.00
933 82144.00
934 79881.00
935 72744.00
936 76123.00
937 87869.00
938 77776.00
939 79658.00
940 78451.00
941 73213.00
942 75201.00
943 75834.00
944 83139.00
945 82944.00
946 75967.00
947 82384.00
948 78688.00
949 80292.00
950 74118.00
951 82311.00
952 82295.00
953 80149.00
954 78014.00
955 72480.00
956 73837.00
957 79651.00
958 77336.00
959 73369.00
960 75065.00
961 84253.00
962 82014.00
963 76735.00
964 73636.00
965 76500.00
966 72609.00
967 76313.00
968 73404.00
969 85769.00
970 78026.00
971 74041.00
972 75688.00
973 75654.00
974 83157.00
975 83580.00
976 80378.00
977 76108.00
978 74293.00
979 75101.00
980 77703.00
981 75717.00
982 79619.00
983 74662.00
984 75546.00
985 75391.00
986 79099.00
987 76207.00
988 73907.00
989 76016.00
990 75029.00
991 72600.00
992 73515.00
993 80579.00
994 78404.00
995 72918.00
996 74127.00
997 73020.00
998 78652.00
999 74838.00
1000 73582.00
1001 80752.00
1002 78532.00
1003 82407.00
1004 77299.00
1005 73913.00
1006 77135.00
1007 81634.00
1008 76674.00
1009 73548.00
1010 76582.00
1011 73453.00
1012 86354.00
1013 76272.00
1014 83944.00
1015 81038.00
1016 76885.00
1017 80773.00
1018 80614.00
1019 80382.00
1020 75270.00
1021 75267.00
1022 76109.00
1023 75181.00
1024 79745.00
1025 74692.00
1026 75086.00
1027 74392.00
1028 79433.00
1029 82199.00
1030 74208.00
1031 74082.00
1032 82076.00
1033 73644.00
1034 73667.00
1035 73762.00
1036 78306.00
1037 73059.00
1038 81401.00
1039 72722.00
1040 72684.00
1041 72719.00
1042 80766.00
1043 72619.00
1044 72352.00
1045 77221.00
1046 77168.00
1047 84945.00
1048 76925.00
1049 81574.00
1050 76811.00
1051 76542.00
1052 81617.00
1053 81587.00
1054 76166.00
1055 76552.00
1056 80924.00
1057 75898.00
1058 75662.00
1059 72646.00
1060 90771.00
1061 80698.00
1062 75631.00
1063 75384.00
1064 86067.00
1065 75993.00
1066 76143.00
1067 76970.00
1068 74751.00
1069 90962.00
1070 86725.00
1071 77545.00
1072 74732.00
1073 74279.00
1074 72950.00
1075 73027.00
1076 99017.00
1077 88933.00
1078 80567.00
1079 82682.00
1080 77712.00
1081 88290.00
1082 83405.00
1083 73338.00
1084 89052.00
1085 78963.00
1086 72939.00
1087 79087.00
1088 81864.00
1089 76747.00
1090 94102.00
1091 92371.00
1092 83328.00
1093 80235.00
1094 78083.00
1095 76104.00
1096 77795.00
1097 75823.00
1098 78531.00
1099 76558.00
1100 80452.00
1101 78397.00
1102 75098.00
1103 73057.00
1104 74978.00
1105 92564.00
1106 82505.00
1107 93355.00
1108 91564.00
1109 82187.00
1110 79681.00
1111 77471.00
1112 75017.00
1113 79769.00
1114 87900.00
1115 77781.00
1116 82544.00
1117 80355.00
1118 77467.00
1119 74172.00
1120 81120.00
1121 79317.00
1122 74018.00
1123 78674.00
1124 75567.00
1125 73748.00
1126 74528.00
1127 73050.00
1128 73945.00
1129 78118.00
1130 76056.00
1131 73980.00
1132 73472.00
1133 72779.00
1134 79491.00
1135 84421.00
1136 79283.00
1137 77135.00
1138 77120.00
1139 86553.00
1140 76804.00
1141 76600.00
1142 74641.00
1143 76151.00
1144 79273.00
1145 77002.00
1146 74930.00
1147 72901.00
1148 75642.00
1149 83577.00
1150 73514.00
1151 83135.00
1152 78302.00
1153 76138.00
1154 73967.00
1155 85741.00
1156 75675.00
1157 73913.00
1158 83023.00
1159 75214.00
1160 77558.00
1161 73363.00
1162 74178.00
1163 86086.00
1164 76703.00
1165 73936.00
1166 74886.00
1167 89476.00
1168 81794.00
1169 71726.00
1170 85442.00
1171 75380.00
1172 72937.00
1173 73024.00
1174 75842.00
1175 82705.00
1176 78734.00
1177 79702.00
1178 73438.00
1179 76382.00
1180 74142.00
1181 78076.00
1182 82096.00
1183 77031.00
1184 75658.00
1185 81662.00
1186 79496.00
1187 77278.00
1188 75381.00
1189 74047.00
1190 83004.00
1191 74055.00
1192 80861.00
1193 80928.00
1194 86652.00
1195 76548.00
1196 74596.00
1197 79513.00
1198 79188.00
1199 78224.00
1200 74901.00
1201 87845.00
1202 77771.00
1203 79850.00
1204 75564.00
1205 76566.00
1206 76096.00
1207 74031.00
1208 75067.00
1209 91049.00
1210 89720.00
1211 80890.00
1212 77715.00
1213 74365.00
1214 126516.00
1215 116458.00
1216 106379.00
1217 97425.00
1218 89431.00
1219 79389.00
1220 73586.00
1221 98724.00
1222 88661.00
1223 78573.00
1224 73241.00
1225 81297.00
1226 78423.00
1227 76214.00
1228 94731.00
1229 89546.00
1230 79442.00
1231 77462.00
1232 75601.00
1233 80158.00
1234 94371.00
1235 84974.00
1236 74899.00
1237 79122.00
1238 84742.00
1239 80676.00
1240 77574.00
1241 75182.00
1242 73459.00
1243 86290.00
1244 82167.00
1245 72054.00
1246 77578.00
1247 75594.00
1248 73639.00
1249 91333.00
1250 82774.00
1251 76075.00
1252 73102.00
1253 77232.00
1254 74770.00
1255 79741.00
1256 79745.00
1257 76687.00
1258 74333.00
1259 90028.00
1260 81575.00
1261 75939.00
1262 78865.00
1263 73698.00
1264 80497.00
1265 73372.00
1266 80284.00
1267 78172.00
1268 76486.00
1269 73331.00
1270 94100.00
1271 85565.00
1272 81059.00
1273 78587.00
1274 77395.00
1275 72198.00
1276 74598.00
1277 82474.00
1278 79936.00
1279 78991.00
1280 75604.00
1281 72648.00
1282 89484.00
1283 81170.00
1284 79387.00
1285 76212.00
1286 74081.00
1287 76057.00
1288 75752.00
1289 73828.00
1290 95464.00
1291 86580.00
1292 76509.00
1293 79531.00
1294 75286.00
1295 75284.00
1296 82018.00
1297 79996.00
1298 74837.00
1299 79680.00
1300 77622.00
1301 72344.00
1302 79253.00
1303 75217.00
1304 73599.00
1305 77033.00
1306 75308.00
1307 79766.00
1308 76998.00
1309 75835.00
1310 88870.00
1311 78793.00
1312 74730.00
1313 76736.00
1314 84396.00
1315 75466.00
1316 75200.00
1317 77091.00
1318 74991.00
1319 86920.00
1320 85746.00
1321 77395.00
1322 73104.00
1323 86369.00
1324 79233.00
1325 74224.00
1326 78130.00
1327 75759.00
1328 75922.00
1329 75745.00
1330 95665.00
1331 90535.00
1332 80460.00
1333 77129.00
1334 73341.00
1335 75903.00
1336 74940.00
1337 93818.00
1338 87434.00
1339 78622.00
1340 79427.00
1341 74363.00
1342 79424.00
1343 76225.00
1344 91991.00
1345 85235.00
1346 75855.00
1347 87083.00
1348 77024.00
1349 74881.00
1350 77419.00
1351 74483.00
1352 83360.00
1353 73296.00
1354 79390.00
1355 73383.00
1356 73045.00
1357 72799.00
1358 75663.00
1359 73519.00
1360 77588.00
1361 72486.00
1362 81195.00
1363 79333.00
1364 76331.00
1365 74168.00
1366 83021.00
1367 80459.00
1368 78515.00
1369 73669.00
1370 77553.00
1371 75439.00
1372 73191.00
1373 81862.00
1374 79932.00
1375 77754.00
1376 75777.00
1377 79547.00
1378 76478.00
1379 74091.00
1380 82277.00
1381 80216.00
1382 78105.00
1383 73766.00
1384 86698.00
1385 77773.00
1386 78664.00
1387 74565.00
1388 73269.00
1389 73053.00
1390 78172.00
1391 95100.00
1392 85884.00
1393 76122.00
1394 77752.00
1395 82807.00
1396 77279.00
1397 75497.00
1398 74337.00
1399 85226.00
1400 77967.00
1401 75865.00
1402 74008.00
1403 84621.00
1404 75497.00
1405 82140.00
1406 88499.00
1407 79193.00
1408 76209.00
1409 74050.00
1410 76858.00
1411 80657.00
1412 77661.00
1413 74729.00
1414 73399.00
1415 75464.00
1416 85077.00
1417 79198.00
1418 77198.00
1419 74804.00
1420 74755.00
1421 79843.00
1422 74763.00
1423 75733.00
1424 73632.00
1425 95269.00
1426 86277.00
1427 88065.00
1428 79132.00
1429 75025.00
1430 80863.00
1431 78889.00
1432 76245.00
1433 82564.00
1434 77342.00
1435 75245.00
1436 72872.00
1437 74294.00
1438 72881.00
1439 84746.00
1440 77487.00
1441 85529.00
1442 75449.00
1443 76405.00
1444 74257.00
1445 83962.00
1446 82916.00
1447 74016.00
1448 72912.00
1449 77844.00
1450 77488.00
1451 73139.00
1453 127260.00
1452 137408.00
1454 117196.00
1455 107109.00
1456 97253.00
1457 87173.00
1458 90589.00
1459 80525.00
1460 75481.00
1461 73289.00
1462 78520.00
1463 76202.00
1464 75015.00
1465 75275.00
1466 75016.00
1467 74704.00
1468 74808.00
1469 82379.00
1470 74409.00
1471 73999.00
1472 92068.00
1473 83091.00
1474 78805.00
1475 73786.00
1476 73820.00
1477 78472.00
1478 73665.00
1479 76339.00
1480 73161.00
1481 75489.00
1482 73177.00
1483 72928.00
1484 72814.00
1485 73907.00
1486 77618.00
1487 75407.00
1488 85366.00
1489 75285.00
1491 89303.00
1490 99442.00
1492 85849.00
1493 75773.00
1494 87704.00
1495 78497.00
1496 75019.00
1497 85282.00
1498 78103.00
1499 77181.00
1500 72945.00
1501 77088.00
1502 73985.00
1503 78710.00
1504 76627.00
1505 76534.00
1506 78186.00
1507 81637.00
1508 79162.00
1510 73888.00
1509 84031.00
1511 75975.00
1512 87727.00
1513 77649.00
1514 80438.00
1515 76693.00
1516 73620.00
1517 77376.00
1518 74953.00
1519 75974.00
1520 75998.00
1521 73855.00
1522 74732.00
1523 77137.00
1524 75205.00
1525 73384.00
1526 76069.00
1527 74048.00
1528 74046.00
1529 76188.00
1530 73759.00
1531 73771.00
1532 73817.00
1533 78402.00
1534 73398.00
1535 73773.00
1536 73188.00
1537 73081.00
1538 72963.00
1539 77853.00
1540 72899.00
1541 77427.00
1542 74518.00
1543 77578.00
1544 87158.00
1545 84069.00
1546 74013.00
1547 77008.00
1548 76956.00
1549 72823.00
1550 73396.00
1551 76345.00
1552 76563.00
1553 73080.00
1554 76007.00
1555 81152.00
1556 76320.00
1557 80917.00
1558 80820.00
1559 76626.00
1560 72365.00
1561 80274.00
1562 82209.00
1563 88873.00
1564 84949.00
1565 74878.00
1566 79658.00
1567 75661.00
1568 91698.00
1569 82417.00
1570 79527.00
1571 76277.00
1572 83536.00
1573 79136.00
1574 73801.00
1575 85104.00
1576 86734.00
1577 76552.00
1578 78376.00
1579 76540.00
1580 98271.00
1581 88194.00
1582 80053.00
1583 72861.00
1584 82752.00
1585 85731.00
1586 75654.00
1587 82457.00
1588 77411.00
1589 78347.00
1590 75825.00
1591 78515.00
1592 74088.00
1593 77319.00
1594 74023.00
1595 76754.00
1596 76395.00
1597 76626.00
1598 74437.00
1599 77017.00
1600 73970.00
1601 72075.00
1602 84252.00
1603 83849.00
1604 73746.00
1605 84605.00
1606 86777.00
1607 90558.00
1608 86471.00
1609 78030.00
1610 73120.00
1611 87801.00
1612 81877.00
1613 75914.00
1614 73761.00
1615 83478.00
1616 79422.00
1617 74239.00
1618 75205.00
1619 72911.00
1620 73813.00
1621 73684.00
1622 75486.00
1623 73524.00
1624 74287.00
1625 75152.00
1626 73527.00
1627 74244.00
1628 77749.00
1629 74754.00
1630 77013.00
1631 82523.00
1632 79560.00
1633 77620.00
1634 82699.00
1635 81208.00
1636 86088.00
1637 76025.00
1638 72763.00
1639 73918.00
1640 76469.00
1641 100485.00
1642 90404.00
1643 86353.00
1644 76260.00
1645 83234.00
1646 77956.00
1647 76139.00
1648 76513.00
1649 74359.00
1650 75797.00
1651 82497.00
1652 80246.00
1653 76407.00
1654 74251.00
1655 83123.00
1656 74927.00
1657 75825.00
1658 73626.00
1659 87413.00
1660 77330.00
1661 73372.00
1662 87035.00
1663 79076.00
1664 74836.00
1665 82038.00
1666 78968.00
1667 73682.00
1668 74626.00
1669 74660.00
1670 78363.00
1671 73308.00
1672 73219.00
1673 73066.00
1674 85872.00
1675 75759.00
1676 83655.00
1677 73577.00
1678 78650.00
1679 76611.00
1680 94445.00
1681 84353.00
1682 77111.00
1683 73030.00
1684 83174.00
1685 73757.00
1686 85642.00
1687 75568.00
1688 74427.00
1689 79520.00
1690 78412.00
1691 75304.00
1692 82093.00
1693 79973.00
1694 84236.00
1695 80678.00
1696 75705.00
1697 73643.00
1698 86342.00
1699 84161.00
1700 78962.00
1701 81011.00
1702 78997.00
1703 79888.00
1704 74769.00
1705 79561.00
1706 83719.00
1707 79653.00
1708 74658.00
1709 76432.00
1710 74334.00
1711 82263.00
1712 79045.00
1713 78659.00
1714 73619.00
1715 75879.00
1716 73740.00
1717 73346.00
1718 73509.00
1719 86566.00
1720 76513.00
1721 75160.00
1722 72878.00
1723 84938.00
1724 74869.00
1725 77706.00
1726 76308.00
1727 73367.00
1728 76329.00
1729 74352.00
1730 75916.00
1731 75869.00
1732 75722.00
1733 73727.00
1734 76511.00
1735 80185.00
1736 80490.00
1737 76445.00
1738 76326.00
1739 73953.00
1740 76103.00
1741 75584.00
1742 76112.00
1743 75827.00
1744 79712.00
1745 74862.00
1746 83015.00
1747 74747.00
1748 78077.00
1749 74743.00
1750 81843.00
1751 79739.00
1752 77833.00
1753 81394.00
1754 84486.00
1755 89321.00
1756 79302.00
1757 73955.00
1758 81013.00
1759 84865.00
1760 80850.00
1761 76518.00
1762 74554.00
1763 73210.00
1764 82295.00
1765 77267.00
1766 76925.00
1767 77087.00
1768 76669.00
1769 76568.00
1770 76681.00
1771 73275.00
1772 84334.00
1773 79133.00
1774 85898.00
1775 80829.00
1776 86873.00
1777 81440.00
1778 75586.00
1779 79331.00
1780 77659.00
1781 75442.00
1782 80429.00
1783 75331.00
1784 75056.00
1785 83065.00
1786 75769.00
1787 82561.00
1788 74471.00
1789 74417.00
1790 77090.00
1791 81166.00
1792 73969.00
1793 73989.00
1794 73860.00
1795 79983.00
1796 73550.00
1797 73577.00
1798 73561.00
1799 81038.00
1800 81441.00
1801 74432.00
1802 73833.00
1803 74787.00
1804 72942.00
1805 77783.00
1806 73349.00
1807 81442.00
1808 73172.00
1809 78296.00
1810 76111.00
1811 81911.00
1812 87734.00
1813 77683.00
1814 76465.00
1815 82201.00
1816 85123.00
1817 82347.00
1818 80083.00
1819 77916.00
1820 76758.00
1821 74596.00
1822 88517.00
1823 80367.00
1824 76306.00
1825 76243.00
1826 75119.00
1827 78362.00
1828 75849.00
1829 73809.00
1830 74777.00
1831 79585.00
1832 74476.00
1833 80486.00
1834 79343.00
1835 75151.00
1836 74387.00
1837 73826.00
1838 73832.00
1839 73810.00
1840 73313.00
1841 74165.00
1842 74014.00
1843 74972.00
1844 73198.00
1845 73848.00
1846 81801.00
1847 73872.00
1848 77573.00
1849 85626.00
1850 75538.00
1851 79161.00
1852 79214.00
1853 78131.00
1854 76067.00
1855 77774.00
1856 83634.00
1857 77742.00
1858 98343.00
1859 88586.00
1860 81412.00
1861 77309.00
1862 74773.00
1863 76750.00
1864 74710.00
1865 84735.00
1866 81665.00
1867 76718.00
1868 78285.00
1869 76234.00
1870 82276.00
1871 75961.00
1872 73822.00
1873 75926.00
1874 80811.00
1875 80574.00
1876 75588.00
1877 79570.00
1878 74508.00
1879 74472.00
1880 74136.00
1881 73988.00
1882 73782.00
1883 79022.00
1884 73444.00
1885 73551.00
1886 74577.00
1887 73345.00
1888 73330.00
1889 125295.00
1890 115224.00
1891 105134.00
1892 96242.00
1893 87811.00
1894 90339.00
1895 88539.00
1896 79321.00
1897 76090.00
1898 73710.00
1899 90590.00
1900 80850.00
1901 72380.00
1902 77433.00
1903 77275.00
1904 77326.00
1905 76965.00
1906 73945.00
1907 77992.00
1908 75939.00
1909 80624.00
1910 76615.00
1911 76594.00
1912 76311.00
1913 86256.00
1914 76204.00
1915 77208.00
1916 79889.00
1917 93077.00
1918 82926.00
1919 83730.00
1920 80306.00
1921 83221.00
1922 75257.00
1923 75253.00
1924 74814.00
1925 74861.00
1926 74878.00
1927 74822.00
1928 74599.00
1929 82550.00
1930 75446.00
1931 81505.00
1932 74256.00
1933 80179.00
1934 75988.00
1935 73805.00
1936 74979.00
1937 73742.00
1938 73594.00
1939 81477.00
1940 78328.00
1941 73214.00
1942 74035.00
1943 72868.00
1944 82168.00
1945 73665.00
1946 85529.00
1947 75450.00
1948 82736.00
1949 78507.00
1950 74260.00
1951 76923.00
1952 73125.00
1953 74101.00
1954 77193.00
1955 76649.00
1956 77748.00
1957 77420.00
1958 72466.00
1959 77132.00
1960 81239.00
1961 86296.00
1962 76239.00
1963 76949.00
1964 74769.00
1965 80876.00
1966 75270.00
1967 81444.00
1968 75340.00
1969 76372.00
1970 74228.00
1971 76073.00
1972 73982.00
1973 74649.00
1974 80655.00
1975 79494.00
1976 74422.00
1977 85406.00
1978 76277.00
1979 74145.00
1980 110893.00
1981 100820.00
1982 90716.00
1983 80591.00
1984 77175.00
1985 72192.00
1986 73076.00
1987 73053.00
1988 77148.00
1989 82813.00
1990 80686.00
1991 70846.00
1992 78618.00
1993 75521.00
1994 72553.00
1995 81151.00
1996 79179.00
1997 85888.00
1998 75786.00
1999 75831.00
2000 83471.00
2001 80355.00
2002 76216.00
2003 74249.00
2004 82973.00
2005 89114.00
2006 83391.00
2007 79492.00
2008 74464.00
2009 83422.00
2010 89039.00
2011 78975.00
2012 74825.00
2013 72706.00
2014 78775.00
2015 82600.00
2016 73296.00
2017 73439.00
2018 74214.00
2019 73381.00
2020 72990.00
2021 72887.00
2022 75788.00
2023 73655.00
2024 85541.00
2025 77477.00
2026 73206.00
2027 75110.00
2028 73382.00
2029 81124.00
2030 81963.00
2031 73004.00
2032 77807.00
2033 76547.00
2034 76624.00
2035 80494.00
2036 76289.00
2037 76371.00
2038 73233.00
2039 75990.00
2040 76360.00
2041 88684.00
2042 78598.00
2043 75502.00
2044 75267.00
2045 83422.00
2046 74857.00
2047 75316.00
2048 74840.00
2049 74857.00
2050 74868.00
2051 74723.00
2052 74382.00
2053 74367.00
2054 83377.00
2055 73281.00
2056 73936.00
2057 82389.00
2058 75116.00
2059 73582.00
2060 73447.00
2061 73104.00
2062 73154.00
2063 73987.00
2064 81239.00
2065 73021.00
2066 72847.00
2067 72735.00
2068 72440.00
2069 83384.00
2070 73300.00
2071 73593.00
2072 90446.00
2073 80356.00
2074 77089.00
2075 78204.00
2076 82018.00
2077 77754.00
2078 77797.00
2079 73621.00
2080 77403.00
2081 83384.00
2082 77108.00
2083 77785.00
2084 92103.00
2085 82031.00
2086 80849.00
2087 76600.00
2088 74428.00
2089 83940.00
2090 80467.00
2091 76275.00
2092 76423.00
2093 80012.00
2094 75737.00
2095 73615.00
2096 75752.00
2097 75304.00
2098 80460.00
2099 77399.00
2100 75267.00
2101 80889.00
2102 75095.00
2103 81815.00
2104 90755.00
2105 80686.00
2106 73571.00
2107 73550.00
2108 74313.00
2109 81303.00
2110 72811.00
2111 73916.00
2112 73901.00
2113 73863.00
2114 77653.00
2115 77664.00
2116 78569.00
2117 79396.00
2118 94028.00
2119 83945.00
2120 77027.00
2121 73815.00
2122 78706.00
2123 73671.00
2124 78338.00
2125 93171.00
2126 83099.00
2127 78375.00
2128 96235.00
2129 86144.00
2130 82937.00
2131 72859.00
2132 79759.00
2133 79301.00
2134 76479.00
2135 74039.00
2136 78077.00
2137 84420.00
2138 86908.00
2139 80521.00
2140 75780.00
2141 73473.00
2142 75598.00
2143 81158.00
2144 74023.00
2145 74083.00
2146 79116.00
2147 73924.00
2148 74182.00
2149 75648.00
2150 73601.00
2151 77622.00
2152 75544.00
2153 80091.00
2154 75146.00
2155 73528.00
2156 74910.00
2157 72911.00
2158 82698.00
2159 80410.00
2160 77587.00
2161 77282.00
2162 76294.00
2163 79159.00
2164 74171.00
2165 77208.00
2166 82810.00
2167 80759.00
2168 76594.00
2169 76221.00
2170 84347.00
2171 76462.00
2172 76456.00
2173 77230.00
2174 75031.00
2175 75966.00
2176 75812.00
2177 75742.00
2178 76416.00
2179 74102.00
2180 75140.00
2181 74985.00
2182 75869.00
2183 81513.00
2184 80693.00
2185 75578.00
2186 73571.00
2187 74548.00
2188 74228.00
2189 74118.00
2190 82185.00
2191 73854.00
2192 74727.00
2193 72808.00
2194 73636.00
2195 81224.00
2196 83168.00
2197 77682.00
2198 82809.00
2199 73455.00
2200 82043.00
2201 77482.00
2202 81690.00
2203 77339.00
2204 77088.00
2205 73165.00
2206 90006.00
2207 79931.00
2208 76545.00
2209 76586.00
2210 77334.00
2211 75532.00
2212 77882.00
2213 89885.00
2214 86284.00
2215 77038.00
2216 88603.00
2217 78755.00
2218 74800.00
2219 85397.00
2220 75309.00
2221 75188.00
2222 79944.00
2223 75559.00
2224 74790.00
2225 74615.00
2226 80429.00
2227 74477.00
2228 74346.00
2229 74105.00
2230 82134.00
2231 74849.00
2232 72820.00
2233 73739.00
2234 81600.00
2235 73443.00
2236 74471.00
2237 74014.00
2238 74169.00
2239 77850.00
2240 72837.00
2241 73888.00
2242 73759.00
2243 85669.00
2244 78509.00
2245 78338.00
2246 78393.00
2247 78030.00
2248 77151.00
2249 74190.00
2250 77869.00
2251 73731.00
2252 80481.00
2253 82647.00
2254 77223.00
2255 77263.00
2256 80925.00
2257 86978.00
2258 76893.00
2259 76924.00
2260 83648.00
2261 81608.00
2262 87291.00
2263 93259.00
2264 83212.00
2265 79109.00
2266 75159.00
2267 76179.00
2268 84609.00
2269 85213.00
2270 84634.00
2271 79769.00
2272 75163.00
2273 79173.00
2274 75233.00
2275 78947.00
2276 78857.00
2277 74845.00
2278 74552.00
2279 73678.00
2280 74429.00
2281 76308.00
2282 88182.00
2283 87205.00
2284 81243.00
2285 79662.00
2286 79954.00
2287 74073.00
2288 83543.00
2289 86610.00
2290 78464.00
2291 77339.00
2292 80295.00
2293 78070.00
2294 75689.00
2295 77823.00
2296 76878.00
2297 77563.00
2298 76252.00
2299 77283.00
2300 82294.00
2301 75828.00
2302 78393.00
2303 77081.00
2304 76946.00
2305 74759.00
2306 83638.00
2307 77570.00
2308 83311.00
2309 82092.00
2310 77025.00
2311 81214.00
2312 86810.00
2313 76722.00
2314 76571.00
2315 74423.00
2316 72523.00
2317 76343.00
2318 74347.00
2319 85175.00
2320 78915.00
2321 77660.00
2322 74809.00
2323 79584.00
2324 77607.00
2325 75526.00
2326 78392.00
2327 73175.00
2328 75059.00
2329 87211.00
2330 77143.00
2331 72891.00
2332 78659.00
2333 80590.00
2334 78460.00
2335 72251.00
2336 85187.00
2337 81353.00
2338 71253.00
2339 77908.00
2340 80902.00
2341 76741.00
2342 77461.00
2343 76357.00
2344 77478.00
2345 77427.00
2346 82089.00
2347 79856.00
2348 83821.00
2349 75963.00
2350 73954.00
2351 76405.00
2352 75040.00
2353 76521.00
2354 75197.00
2355 74871.00
2356 76101.00
2357 74976.00
2358 74872.00
2359 75800.00
2360 74667.00
2361 75354.00
2362 74468.00
2363 74350.00
2364 79014.00
2365 74089.00
2366 74024.00
2367 73754.00
2368 82042.00
2369 75343.00
2370 75602.00
2371 73776.00
2372 73036.00
2373 74155.00
2374 81093.00
2375 81949.00
2376 73795.00
2377 77809.00
2378 73653.00
2379 79411.00
2380 78272.00
2381 77510.00
2382 74403.00
2383 77018.00
2384 85753.00
2385 81087.00
2386 81785.00
2387 76530.00
2388 76514.00
2389 76493.00
2390 76341.00
2391 76618.00
2392 76043.00
2393 84158.00
2394 83909.00
2395 75902.00
2396 75615.00
2397 80495.00
2398 75387.00
2399 89135.00
2400 83308.00
2401 83376.00
2402 79909.00
2403 74715.00
2404 74416.00
2405 82307.00
2406 75400.00
2407 79190.00
2408 82183.00
2409 77026.00
2410 82957.00
2411 80916.00
2412 73794.00
2413 73482.00
2414 74326.00
2415 73409.00
2416 75268.00
2417 73105.00
2418 73872.00
2419 89941.00
2420 79862.00
2421 81875.00
2422 76487.00
2423 72589.00
2424 76406.00
2425 72352.00
2426 71912.00
2427 81776.00
2428 77073.00
2429 85609.00
2430 75535.00
2431 84725.00
2432 81348.00
2433 84318.00
2434 74240.00
2435 76247.00
2436 76093.00
2437 75922.00
2438 75868.00
2439 76684.00
2440 75580.00
2441 73397.00
2442 83513.00
2443 75196.00
2444 73369.00
2445 84466.00
2446 83952.00
2447 79725.00
2448 74704.00
2449 74745.00
2450 83517.00
2451 79274.00
2452 74309.00
2453 74233.00
2454 76855.00
2455 73894.00
2456 76783.00
2457 72701.00
2458 74690.00
2459 81555.00
2460 73559.00
2461 73157.00
2462 73044.00
2463 81112.00
2464 72988.00
2465 72718.00
2466 77787.00
2467 77436.00
2468 73343.00
2469 77452.00
2470 77067.00
2471 85088.00
2472 76953.00
2473 81862.00
2474 82021.00
2475 84710.00
2476 76541.00
2477 76579.00
2478 81355.00
2479 82169.00
2480 79811.00
2481 76979.00
2482 74978.00
2483 78705.00
2484 76770.00
2485 88581.00
2486 78479.00
2487 75350.00
2488 80343.00
2489 77055.00
2490 74924.00
2491 75031.00
2492 74912.00
2493 78966.00
2494 76691.00
2495 74649.00
2496 82393.00
2497 87313.00
2498 79084.00
2499 80938.00
2500 74100.00
2501 75077.00
2502 78678.00
2503 81611.00
2504 76644.00
2505 73600.00
2506 79086.00
2507 73213.00
2508 74244.00
2509 79176.00
2510 77980.00
2511 74620.00
2512 73569.00
2513 74413.00
2514 74556.00
2515 77586.00
2516 77089.00
2517 73438.00
2518 77957.00
2519 81077.00
2520 77017.00
2521 75896.00
2522 81875.00
2523 79668.00
2524 85711.00
2525 84197.00
2526 76209.00
2527 90360.00
2528 85217.00
2529 81982.00
2530 85766.00
2531 86693.00
2532 84498.00
2533 74463.00
2534 76418.00
2535 81361.00
2536 77063.00
2537 76308.00
2538 76196.00
2539 84932.00
2540 80893.00
2541 78820.00
2542 74696.00
2543 75509.00
2544 84516.00
2545 85224.00
2546 80016.00
2547 77167.00
2548 74353.00
2549 74236.00
2550 74726.00
2551 79832.00
2552 86574.00
2553 78394.00
2554 76614.00
2555 74283.00
2556 86306.00
2557 76987.00
2558 74152.00
2559 73639.00
2560 72662.00
2561 77551.00
2562 72659.00
2563 85291.00
2564 75210.00
2565 77198.00
2566 75165.00
2567 90955.00
2568 80902.00
2569 76619.00
2570 77525.00
2571 75437.00
2572 84146.00
2573 80414.00
2574 77970.00
2575 75837.00
2576 75933.00
2577 75623.00
2578 80608.00
2579 78497.00
2580 75547.00
2581 75433.00
2582 76310.00
2583 74168.00
2584 77080.00
2585 75143.00
2586 76264.00
2587 77617.00
2588 75657.00
2589 73627.00
2590 74405.00
2591 82520.00
2592 79256.00
2593 74092.00
2594 74209.00
2595 75034.00
2596 72862.00
2597 73738.00
2598 73425.00
2599 73479.00
2600 73336.00
2601 73334.00
2602 73135.00
2603 74126.00
2604 80787.00
2605 77803.00
2606 72794.00
2607 78766.00
2608 72342.00
2609 81293.00
2610 78145.00
2611 76119.00
2612 76885.00
2613 77817.00
2614 74429.00
2615 76715.00
2616 84365.00
2617 78373.00
2618 75434.00
2619 80176.00
2620 74891.00
2621 73715.00
2622 77930.00
2623 83741.00
2624 75653.00
2625 76561.00
2626 74398.00
2627 75396.00
2628 75009.00
2629 83369.00
2630 74955.00
2631 74478.00
2632 84839.00
2633 75393.00
2634 94600.00
2635 84538.00
2636 79258.00
2637 74206.00
2638 74823.00
2639 74739.00
2640 78576.00
2641 73398.00
2642 73495.00
2643 81509.00
2644 78171.00
2645 77965.00
2646 72994.00
2647 73976.00
2648 74737.00
2649 77495.00
2650 93483.00
2651 83400.00
2652 76140.00
2653 77299.00
2654 75877.00
2655 74162.00
2656 77153.00
2657 76873.00
2658 81781.00
2659 76580.00
2660 79670.00
2661 84397.00
2662 85200.00
2663 89219.00
2664 79029.00
2665 77764.00
2666 75567.00
2667 76476.00
2668 77384.00
2669 82395.00
2670 75215.00
2671 79069.00
2672 74854.00
2673 74866.00
2674 74904.00
2675 74636.00
2676 74593.00
2677 81278.00
2678 74737.00
2679 74422.00
2680 74011.00
2681 75244.00
2682 73982.00
2683 81951.00
2684 78526.00
2685 73350.00
2686 82727.00
2687 73424.00
2688 77175.00
2689 75217.00
2690 81028.00
2691 72798.00
2692 72918.00
2693 85787.00
2694 86569.00
2695 90546.00
2696 80449.00
2697 77167.00
2698 76910.00
2699 76979.00
2700 76977.00
2701 77209.00
2702 81747.00
2703 76912.00
2704 74950.00
2705 76105.00
2706 76155.00
2707 76277.00
2708 76155.00
2709 75812.00
2710 83835.00
2711 75194.00
2712 80389.00
2713 83296.00
2714 75207.00
2715 73080.00
2716 75268.00
2717 76014.00
2718 74831.00
2719 73740.00
2720 115408.00
2721 105334.00
2722 97176.00
2723 87081.00
2724 76983.00
2725 73709.00
2726 79640.00
2727 83628.00
2728 78423.00
2729 73613.00
2730 82509.00
2731 78286.00
2732 74377.00
2733 73176.00
2734 74006.00
2735 72803.00
2736 74953.00
2737 72790.00
2738 72513.00
2739 77382.00
2740 87392.00
2741 77302.00
2742 85115.00
2743 79044.00
2744 76641.00
2745 76638.00
2746 76597.00
2747 76588.00
2748 77388.00
2749 84172.00
2750 76164.00
2751 76290.00
2752 74094.00
2753 75744.00
2754 84963.00
2755 81839.00
2756 75745.00
2757 75961.00
2758 80924.00
2759 80370.00
2760 83005.00
2762 75005.00
2763 81003.00
2764 78744.00
2765 74516.00
2766 74440.00
2767 74390.00
2768 74312.00
2769 74176.00
2770 75073.00
2771 73758.00
2772 74867.00
2773 74213.00
2774 81628.00
2775 73493.00
2776 76151.00
2777 73488.00
2778 73556.00
2779 73152.00
2780 73899.00
2781 89820.00
2782 79690.00
2783 72513.00
2784 73733.00
2785 72544.00
2786 77190.00
2787 77149.00
2788 74671.00
2789 84865.00
2790 76575.00
2791 73349.00
2792 76461.00
2793 77194.00
2794 74989.00
2795 75913.00
2796 76705.00
2797 75552.00
2798 73416.00
2799 76738.00
2800 80527.00
2801 86330.00
2802 80048.00
2803 83144.00
2804 79758.00
2805 74709.00
2806 74766.00
2807 79478.00
2808 82400.00
2809 74313.00
2810 75147.00
2811 73929.00
2812 73964.00
2813 74757.00
2814 74742.00
2815 74563.00
2816 89498.00
2817 92854.00
2818 82790.00
2819 77995.00
2820 76734.00
2821 73935.00
2822 87690.00
2823 77607.00
2824 77498.00
2825 77392.00
2826 77369.00
2827 86359.00
2828 81220.00
2829 76950.00
2830 100918.00
2831 90874.00
2832 81862.00
2833 86352.00
2834 86393.00
2835 87650.00
2836 82943.00
2837 76219.00
2838 74216.00
2839 77906.00
2840 75700.00
2841 80840.00
2842 76552.00
2843 80511.00
2844 82667.00
2845 79343.00
2846 76233.00
2847 74305.00
2848 93361.00
2849 83965.00
2850 75798.00
2851 73673.00
2852 80525.00
2853 77447.00
2854 76309.00
2855 72187.00
2856 78762.00
2857 75001.00
2858 72764.00
2859 75014.00
2860 75497.00
2861 73555.00
2862 74101.00
2863 78325.00
2864 73209.00
2865 72773.00
2866 72869.00
2867 77880.00
2868 72901.00
2869 77771.00
2870 72476.00
2871 73683.00
2872 77975.00
2873 77217.00
2874 76914.00
2875 77717.00
2876 76769.00
2877 76838.00
2878 76517.00
2879 76544.00
2880 105465.00
2881 95427.00
2882 86682.00
2883 76576.00
2884 76051.00
2885 80554.00
2886 76639.00
2887 76241.00
2888 76473.00
2889 75144.00
2890 76115.00
2891 74937.00
2892 74856.00
2893 74958.00
2894 74887.00
2895 82761.00
2896 74674.00
2897 75211.00
2898 88349.00
2899 78275.00
2900 81204.00
2901 83118.00
2902 78717.00
2903 73780.00
2904 73768.00
2905 75737.00
2906 86493.00
2907 78378.00
2908 77368.00
2909 81322.00
2910 85980.00
2911 75902.00
2912 75143.00
2913 74130.00
2914 74711.00
2915 73504.00
2916 77108.00
2917 77613.00
2918 78333.00
2919 76079.00
2920 78121.00
2921 76898.00
2922 86816.00
2923 76738.00
2924 79533.00
2925 75295.00
2926 73471.00
2927 76307.00
2928 72731.00
2929 77104.00
2930 76871.00
2931 87345.00
2932 82637.00
2933 84387.00
2934 74337.00
2935 76017.00
2936 77319.00
2937 76056.00
2938 76395.00
2939 79825.00
2940 75696.00
2941 73627.00
2942 75403.00
2943 73135.00
2944 74187.00
2945 75170.00
2946 81058.00
2947 79970.00
2948 76558.00
2949 78790.00
2950 82577.00
2951 79316.00
2952 76210.00
2953 74704.00
2954 73970.00
2955 74839.00
2956 77958.00
2957 72804.00
2958 73436.00
2959 73644.00
2960 74710.00
2961 78265.00
2962 81197.00
2963 73000.00
2964 73077.00
2965 73067.00
2966 75926.00
2967 72587.00
2968 76768.00
2969 86325.00
2970 77420.00
2971 74822.00
2972 76396.00
2973 76001.00
2974 95066.00
2975 92864.00
2976 84921.00
2977 76762.00
2978 80633.00
2979 76447.00
2980 80309.00
2981 84172.00
2982 79992.00
2983 88999.00
2984 78938.00
2985 75670.00
2986 79508.00
2987 74432.00
2988 74474.00
2989 79213.00
2990 74157.00
2991 78111.00
2992 76614.00
2993 80554.00
2994 79708.00
2995 78623.00
2996 82407.00
2997 76002.00
2998 74154.00
2999 73460.00
3000 73008.00
3001 72672.00
3002 73701.00
3003 73724.00
3004 72779.00
3005 81515.00
3006 79518.00
3007 77158.00
3008 75093.00
3009 81876.00
3010 81850.00
3011 78806.00
3012 81577.00
3013 89596.00
3014 79515.00
3015 74278.00
3016 76259.00
3017 80015.00
3018 85831.00
3019 77326.00
3020 85912.00
3021 77539.00
3022 81328.00
3023 79165.00
3024 76238.00
3025 75348.00
3026 80067.00
3027 77896.00
3028 76001.00
3029 73938.00
3030 84687.00
3031 75640.00
3032 83281.00
3033 82420.00
3034 80023.00
3035 80975.00
3036 82206.00
3037 73852.00
3038 76861.00
3039 78569.00
3040 73363.00
3041 86557.00
3042 81471.00
3043 80343.00
3044 74175.00
3045 73061.00
3046 72910.00
3047 76890.00
3048 72666.00
3049 77718.00
3050 82557.00
3051 87410.00
3052 83450.00
3053 73358.00
3054 97782.00
3055 87708.00
3056 83833.00
3057 73726.00
3058 77565.00
3059 81279.00
3060 77214.00
3061 82374.00
3062 77549.00
3063 82072.00
3064 76755.00
3065 73765.00
3066 87867.00
3067 77804.00
3068 76414.00
3069 79224.00
3070 94393.00
3071 84324.00
3072 80265.00
3073 75932.00
3074 82955.00
3075 84654.00
3076 78668.00
3077 76406.00
3078 74346.00
3079 83412.00
3080 75305.00
3081 80238.00
3082 77860.00
3083 76840.00
3084 73907.00
3085 74965.00
3086 88885.00
3087 83325.00
3088 90152.00
3089 81271.00
3090 76096.00
3091 75814.00
3092 73672.00
3093 77482.00
3094 73490.00
3095 77884.00
3096 74776.00
3097 77285.00
3098 95094.00
3099 91309.00
3100 81244.00
3101 75001.00
3102 76712.00
3103 76096.00
3104 90080.00
3105 80791.00
3106 77741.00
3107 89217.00
3108 83165.00
3109 79061.00
3110 76918.00
3111 89739.00
3112 86773.00
3113 84187.00
3114 91965.00
3115 81872.00
3116 77003.00
3117 78967.00
3118 72466.00
3119 83631.00
3120 81164.00
3121 76004.00
3122 73329.00
3123 73283.00
3124 75094.00
3125 72979.00
3126 83933.00
3127 73840.00
3128 79481.00
3129 77611.00
3130 75310.00
3131 72888.00
3132 77087.00
3133 78942.00
3134 73819.00
3135 83682.00
3136 73523.00
3137 79398.00
3138 77247.00
3139 94203.00
3140 84851.00
3141 81804.00
3142 77906.00
3143 75492.00
3144 85530.00
3145 85363.00
3146 77291.00
3147 73226.00
3148 75157.00
3149 90928.00
3150 81791.00
3151 78887.00
3152 76549.00
3153 79709.00
3154 75814.00
3155 91553.00
3156 82266.00
3157 79018.00
3158 77109.00
3159 84278.00
3160 82842.00
3161 79520.00
3162 78628.00
3163 76585.00
3164 78223.00
3165 90036.00
3166 79808.00
3167 77718.00
3168 77775.00
3169 74501.00
3170 77363.00
3171 87499.00
3172 84299.00
3173 74247.00
3174 77170.00
3175 75919.00
3176 73787.00
3177 77569.00
3178 84826.00
3179 89472.00
3180 80128.00
3181 76644.00
3182 74499.00
3183 75005.00
3184 72467.00
3185 75556.00
3186 79483.00
3187 79144.00
3188 90225.00
3189 81167.00
3190 74809.00
3191 72685.00
3192 79760.00
3193 77142.00
3194 74463.00
3195 76297.00
3196 75226.00
3197 73192.00
3198 82029.00
3199 86905.00
3200 81849.00
3201 71768.00
3202 74594.00
3203 73343.00
3204 79444.00
3205 80432.00
3206 84956.00
3207 75679.00
3208 72668.00
3209 76629.00
3210 74442.00
3211 84397.00
3212 75446.00
3213 81352.00
3214 77158.00
3215 76156.00
3216 72955.00
3217 77008.00
3218 75553.00
3219 91782.00
3220 89542.00
3221 79451.00
3222 77913.00
3223 75137.00
3224 73093.00
3225 80512.00
3226 75824.00
3227 83735.00
3228 74457.00
3229 73628.00
3230 77934.00
3231 76040.00
3232 80184.00
3233 75696.00
3234 83829.00
3235 74873.00
3236 83910.00
3237 73831.00
3238 76377.00
3239 82594.00
3240 92368.00
3241 82295.00
3242 78249.00
3243 73720.00
3244 79867.00
3245 77136.00
3246 74576.00
3247 87648.00
3248 77657.00
3249 75357.00
3250 72946.00
3251 73806.00
3252 72862.00
3253 79882.00
3254 76584.00
3255 74447.00
3256 77438.00
3257 75266.00
3258 77473.00
3259 81047.00
3260 78034.00
3261 76781.00
3262 77959.00
3263 81830.00
3264 83721.00
3265 78590.00
3266 77337.00
3267 74117.00
3268 76003.00
3269 92359.00
3270 83386.00
3271 80111.00
3272 75026.00
3273 75119.00
3274 88027.00
3275 82990.00
3276 76436.00
3277 84806.00
3278 75503.00
3279 79462.00
3280 75304.00
3281 81184.00
3282 77033.00
3283 73949.00
3284 85841.00
3285 81877.00
3286 72757.00
3287 83791.00
3288 74395.00
3289 89426.00
3290 84192.00
3291 74856.00
3292 77987.00
3293 72832.00
3294 72782.00
3295 82799.00
3296 80552.00
3297 73232.00
3298 80469.00
3299 76325.00
3300 73292.00
3301 78203.00
3302 84857.00
3303 76994.00
3304 92762.00
3305 82676.00
3306 78519.00
3307 76140.00
3308 74117.00
3309 78150.00
3310 75043.00
3311 85897.00
3312 83847.00
3313 73760.00
3314 76273.00
3315 80481.00
3316 75354.00
3317 77121.00
3318 96003.00
3319 94751.00
3320 91746.00
3321 82858.00
3322 79474.00
3323 85214.00
3324 75112.00
3325 79703.00
3326 73855.00
3327 75407.00
3328 72230.00
3329 90450.00
3330 81015.00
3331 78178.00
3332 75740.00
3333 73560.00
3334 76754.00
3335 80656.00
3336 79105.00
3337 84307.00
3338 81331.00
3339 100313.00
3340 90844.00
3341 81962.00
3342 76521.00
3343 76830.00
3344 86525.00
3345 77326.00
3346 74217.00
3347 76060.00
3348 73082.00
3349 80800.00
3350 77868.00
3351 83884.00
3352 99753.00
3353 90339.00
3354 83264.00
3355 78281.00
3356 85348.00
3357 83153.00
3358 73923.00
3359 80811.00
3360 74507.00
3361 72754.00
3362 79402.00
3363 77159.00
3364 75364.00
3365 79273.00
3366 86184.00
3367 76970.00
3368 73938.00
3369 75716.00
3370 90784.00
3371 95110.00
3372 94909.00
3373 86840.00
3374 76741.00
3376 73386.00
3375 83524.00
3377 76495.00
3378 74150.00
3379 76175.00
3380 74121.00
3381 72903.00
3382 83847.00
3383 81786.00
3384 81746.00
3385 77133.00
3386 79157.00
3387 75870.00
3388 73450.00
3389 89838.00
3390 84603.00
3391 75234.00
3392 80266.00
3393 76289.00
3394 74884.00
3395 76260.00
3396 73818.00
3397 79610.00
3398 74608.00
3399 85431.00
3400 75358.00
3401 93212.00
3402 85252.00
3403 81207.00
3404 74885.00
3405 75650.00
3406 90781.00
3407 80709.00
3408 79014.00
3409 74656.00
3410 76297.00
3411 82634.00
3412 73165.00
3413 73242.00
3414 95870.00
3415 85800.00
3416 91915.00
3417 82507.00
3418 78762.00
3419 75417.00
3420 86518.00
3421 84408.00
3422 83367.00
3423 80997.00
3424 78285.00
3425 75945.00
3426 76912.00
3427 81731.00
3428 80623.00
3429 78409.00
3430 75134.00
3431 80449.00
3432 76079.00
3433 88062.00
3434 79866.00
3435 77724.00
3436 92680.00
3437 82603.00
3438 76528.00
3439 75288.00
3440 76355.00
3441 74262.00
3442 78908.00
3443 76758.00
3444 73926.00
3445 73767.00
3446 73383.00
3447 75518.00
3448 86421.00
3449 76343.00
3450 83069.00
3451 78841.00
3452 75933.00
3453 72630.00
3454 77809.00
3455 76029.00
3456 78893.00
3457 85544.00
3458 77266.00
3459 73107.00
3460 81838.00
3461 81096.00
3462 75171.00
3463 77889.00
3464 75532.00
3465 73660.00
3466 77706.00
3467 77616.00
3468 82537.00
3469 77185.00
3470 77254.00
3471 75276.00
3472 76878.00
3473 74705.00
3474 83492.00
3475 74569.00
3476 79816.00
3477 84238.00
3478 95740.00
3479 85653.00
3480 75730.00
3481 76760.00
3482 75642.00
3483 83852.00
3484 75523.00
3485 85646.00
3486 80124.00
3487 75992.00
3488 86314.00
3489 77217.00
3490 78834.00
3491 76843.00
3492 80856.00
3493 75635.00
3494 73152.00
3495 76314.00
3496 87489.00
3497 79314.00
3498 73976.00
3499 76987.00
3500 74825.00
3501 88352.00
3502 78248.00
3503 81399.00
3504 79253.00
3505 74221.00
3506 75984.00
3507 73949.00
3508 84920.00
3509 74835.00
3510 73698.00
3511 77652.00
3512 72193.00
3513 77445.00
3514 76993.00
3515 85142.00
3516 78598.00
3517 73505.00
3518 76535.00
3519 76379.00
3520 87255.00
3521 84333.00
3522 74985.00
3523 78108.00
3524 76020.00
3525 84038.00
3526 78597.00
3527 75556.00
3528 84725.00
3529 82402.00
3530 81351.00
3531 79925.00
3532 75185.00
3533 74217.00
3534 80906.00
3535 78842.00
3536 77456.00
3537 74742.00
3538 79337.00
3539 82257.00
3540 74252.00
3541 74991.00
3542 80282.00
3543 74850.00
3544 84818.00
3545 74752.00
3546 72617.00
3547 74743.00
3548 75376.00
3549 73178.00
3550 73947.00
3551 73948.00
3552 73891.00
3553 72645.00
3554 72668.00
3555 76504.00
3556 80468.00
3557 77590.00
3558 75443.00
3559 77179.00
3560 73101.00
3561 82856.00
3562 77922.00
3563 81584.00
3564 79545.00
3565 76713.00
3566 76401.00
3567 85394.00
3568 86393.00
3569 81174.00
3570 78067.00
3571 76080.00
3572 84002.00
3573 77787.00
3574 75668.00
3575 82635.00
3576 72563.00
3577 75443.00
3578 83357.00
3579 73276.00
3580 86092.00
3581 76895.00
3582 73816.00
3583 80838.00
3584 73529.00
3585 73690.00
3586 79905.00
3587 73795.00
3588 76680.00
3589 75577.00
3590 72997.00
3591 74031.00
3592 73138.00
3593 83876.00
3594 74880.00
3595 81818.00
3596 78616.00
3597 74494.00
3598 78633.00
3599 74631.00
3600 79199.00
3601 73231.00
3602 83150.00
3603 83266.00
3604 84772.00
3605 76201.00
3606 77609.00
3607 72899.00
3608 77389.00
3609 80964.00
3610 76839.00
3611 76963.00
3612 83723.00
3613 76811.00
3614 80947.00
3615 76601.00
3616 74270.00
3617 75481.00
3618 83114.00
3619 73035.00
3620 79832.00
3621 74710.00
3622 73847.00
3623 79632.00
3624 74605.00
3625 74521.00
3626 82474.00
3627 74281.00
3628 75103.00
3629 75146.00
3630 73260.00
3631 88163.00
3632 87045.00
3633 76999.00
3634 76838.00
3635 74297.00
3636 82458.00
3637 73398.00
3638 78173.00
3639 75543.00
3640 77997.00
3641 95982.00
3642 87536.00
3643 77452.00
3644 90394.00
3645 80310.00
3646 77305.00
3647 75385.00
3648 77991.00
3649 75103.00
3650 73059.00
3651 78954.00
3652 85141.00
3653 77752.00
3654 83603.00
3655 77412.00
3656 88464.00
3657 78378.00
3658 76147.00
3659 76056.00
3660 77078.00
3661 76906.00
3662 74673.00
3663 75533.00
3664 76443.00
3665 80572.00
3666 80208.00
3667 76469.00
3668 81101.00
3669 78845.00
3670 80992.00
3671 75117.00
3672 82740.00
3673 79496.00
3674 81518.00
3675 79413.00
3676 76292.00
3677 79217.00
3678 83059.00
3679 80283.00
3680 77656.00
3681 73727.00
3682 73735.00
3683 76579.00
3684 74562.00
3685 73307.00
3686 80510.00
3687 79236.00
3688 76730.00
3689 74999.00
3690 77749.00
3691 77601.00
3692 72528.00
3693 83519.00
3694 80368.00
3695 77128.00
3696 86122.00
3697 81990.00
3698 86514.00
3699 89457.00
3700 79363.00
3701 75570.00
3702 74316.00
3703 74389.00
3704 93157.00
3705 84129.00
3706 79173.00
3707 82817.00
3708 78525.00
3709 77443.00
3710 72432.00
3711 79512.00
3712 77141.00
3713 74964.00
3714 72885.00
3715 83820.00
3716 82542.00
3717 79482.00
3718 75245.00
3719 73264.00
3720 79213.00
3721 76935.00
3722 73530.00
3723 74645.00
3724 73772.00
3725 79543.00
3726 84820.00
3727 80300.00
3728 77427.00
3729 73213.00
3730 77183.00
3731 74921.00
3732 87993.00
3733 82569.00
3734 80520.00
3735 78438.00
3736 76457.00
3737 74341.00
3738 77042.00
3739 78108.00
3740 75699.00
3741 76613.00
3742 77650.00
3743 75364.00
3744 77553.00
3745 72294.00
3746 85931.00
3747 80084.00
3748 78881.00
3749 75859.00
3750 75656.00
3751 80627.00
3752 76514.00
3753 83261.00
3754 80200.00
3755 75067.00
3756 77154.00
3757 75741.00
3758 89248.00
3759 79188.00
3760 74433.00
3761 74075.00
3762 72154.00
3763 75085.00
3764 84030.00
3765 77803.00
3766 81514.00
3767 79543.00
3768 78435.00
3769 75417.00
3770 73441.00
3771 78279.00
3772 83089.00
3773 78917.00
3774 77026.00
3775 74652.00
3776 84403.00
3777 75554.00
3778 81735.00
3779 80407.00
3780 85196.00
3781 78015.00
3782 76160.00
3783 72827.00
3784 81911.00
3785 78715.00
3786 75654.00
3787 73416.00
3788 82622.00
3789 79406.00
3790 77059.00
3791 77185.00
3792 76147.00
3793 74028.00
3794 75679.00
3795 76639.00
3796 74492.00
3797 81484.00
3798 79352.00
3799 75223.00
3800 76110.00
3801 77031.00
3802 72751.00
3803 93503.00
3804 83713.00
3805 75332.00
3806 75465.00
3807 73278.00
3808 78101.00
3809 76015.00
3810 73909.00
3811 76973.00
3812 82772.00
3813 75539.00
3814 73421.00
3815 76448.00
3816 74490.00
3817 81187.00
3818 79053.00
3819 77761.00
3820 80729.00
3821 72560.00
3822 87645.00
3823 82523.00
3824 77571.00
3825 75028.00
3826 72802.00
3827 75112.00
3828 78244.00
3829 75850.00
3830 72677.00
3831 77787.00
3832 75253.00
3833 76363.00
3834 84371.00
3835 83152.00
3836 79791.00
3837 80758.00
3838 76747.00
3839 74616.00
3840 74390.00
3841 77255.00
3842 75249.00
3843 72987.00
3844 87053.00
3845 79023.00
3846 74792.00
3847 76933.00
3848 79591.00
3849 77543.00
3850 79163.00
3851 90273.00
3852 80194.00
3853 74672.00
3854 73812.00
3855 73956.00
3856 73778.00
3857 83760.00
3858 75659.00
3859 74554.00
3860 83235.00
3861 78104.00
3862 78756.00
3863 72800.00
3864 72622.00
3865 74798.00
3866 77381.00
3867 73484.00
3868 85509.00
3869 77175.00
3870 78143.00
3871 85172.00
3872 75117.00
3873 84822.00
3874 79696.00
3875 73393.00
3876 76614.00
3877 76538.00
3878 74418.00
3879 73099.00
3880 82937.00
3881 73883.00
3882 85758.00
3883 84926.00
3884 77494.00
3885 76884.00
3886 74498.00
3887 85036.00
3888 83283.00
3889 76106.00
3890 79944.00
3891 77826.00
3892 79624.00
3893 78526.00
3894 84324.00
3895 82300.00
3896 72222.00
3897 86213.00
3898 85064.00
3899 74992.00
3900 75086.00
3901 78846.00
3902 73445.00
3903 74584.00
3904 78224.00
3905 73252.00
3906 72826.00
3907 78142.00
3908 75984.00
3909 77591.00
3910 80444.00
3911 78538.00
3912 76465.00
3913 77238.00
3914 81166.00
3915 77002.00
3916 84207.00
3917 81877.00
3918 71805.00
3919 78657.00
3920 76285.00
3921 76294.00
3922 76221.00
3923 81018.00
3924 75832.00
3925 83792.00
3926 76629.00
3927 74327.00
3928 79391.00
3929 76410.00
3930 80202.00
3931 74918.00
3932 72986.00
3933 75869.00
3934 74011.00
3935 74512.00
3936 75574.00
3937 80617.00
3938 78106.00
3939 82512.00
3940 80951.00
3941 81721.00
3942 78876.00
3943 74031.00
3944 73613.00
3945 73173.00
3946 73513.00
3947 73184.00
3948 74014.00
3949 81277.00
3950 79165.00
3951 83722.00
3952 74730.00
3953 73597.00
3954 73572.00
3955 74490.00
3956 87069.00
3957 81933.00
3958 76723.00
3959 76622.00
3960 76885.00
3961 76490.00
3962 90119.00
3963 84192.00
3964 75978.00
3965 72944.00
3966 75653.00
3967 75956.00
3968 75750.00
3969 75401.00
3970 80241.00
3971 74951.00
3972 80199.00
3973 75017.00
3974 75073.00
3975 74964.00
3976 74712.00
3977 72356.00
3978 74568.00
3979 74270.00
3980 74247.00
3981 72035.00
3982 73909.00
3983 78806.00
3984 77857.00
3985 74704.00
3986 72548.00
3987 81309.00
3988 73153.00
3989 78365.00
3990 73158.00
3991 72811.00
3992 72763.00
3993 73114.00
3994 72838.00
3995 82464.00
3996 77825.00
3997 78449.00
3998 84229.00
3999 77979.00
