1000
0 109692.00
1 114248.00
2 111649.00
3 111471.00
4 112939.00
5 111116.00
6 112408.00
7 110274.00
8 112018.00
9 111671.00
10 111142.00
11 126034.00
12 110417.00
13 111382.00
14 110442.00
15 109771.00
16 110727.00
17 111387.00
18 113763.00
19 112791.00
20 117862.00
21 109892.00
22 111025.00
23 109792.00
24 173473.00
25 125130.00
26 110966.00
27 114910.00
28 109928.00
29 110254.00
30 110028.00
31 111129.00
32 112078.00
33 109726.00
34 109717.00
35 110106.00
36 111788.00
37 109940.00
38 115598.00
39 109804.00
40 157374.00
41 110215.00
42 160487.00
43 111967.00
44 110188.00
45 116378.00
46 109785.00
47 115927.00
48 115610.00
49 111082.00
50 116539.00
51 109965.00
52 110387.00
53 113067.00
54 110492.00
55 109950.00
56 115144.00
57 109818.00
58 110276.00
59 111368.00
60 117216.00
61 112690.00
62 109938.00
63 109904.00
64 143248.00
65 111137.00
66 110350.00
67 110213.00
68 110123.00
69 115707.00
70 110049.00
71 111203.00
72 110317.00
73 111788.00
74 111225.00
75 109640.00
76 119101.00
77 110493.00
78 112116.00
79 111524.00
80 110018.00
81 111435.00
82 108667.00
83 111028.00
84 110573.00
85 123995.00
86 113561.00
87 109883.00
88 114580.00
89 110519.00
90 110089.00
91 110320.00
92 110124.00
93 111774.00
94 111941.00
95 110095.00
96 111561.00
97 113179.00
98 109891.00
99 113545.00
100 110210.00
101 109704.00
102 110122.00
103 109820.00
104 112901.00
105 112870.00
106 109631.00
107 117697.00
108 109911.00
109 110568.00
110 115705.00
111 111458.00
112 111208.00
113 111346.00
114 109722.00
115 110865.00
116 109905.00
117 109775.00
118 109691.00
119 110600.00
120 111691.00
121 109637.00
122 110193.00
123 110624.00
124 111089.00
125 111689.00
126 110886.00
127 110070.00
128 110448.00
129 119540.00
130 111134.00
131 111237.00
132 112026.00
133 110450.00
134 109509.00
135 108560.00
136 110389.00
137 112229.00
138 110266.00
139 109969.00
140 107069.00
141 110066.00
142 109984.00
143 110627.00
144 114222.00
145 109900.00
146 109941.00
147 110012.00
148 112050.00
149 109738.00
150 111601.00
151 110298.00
152 109458.00
153 110878.00
154 110135.00
155 116347.00
156 110127.00
157 110835.00
158 109753.00
159 112503.00
160 122632.00
161 114074.00
162 117042.00
163 109972.00
164 109887.00
165 111249.00
166 109524.00
167 109951.00
168 129031.00
169 129510.00
170 114921.00
171 114180.00
172 111285.00
173 113227.00
174 110978.00
175 109554.00
176 111470.00
177 112721.00
178 117667.00
179 116006.00
180 109993.00
181 109420.00
182 110590.00
183 111505.00
184 110160.00
185 109804.00
186 106761.00
187 109919.00
188 120752.00
189 110538.00
190 109751.00
191 109853.00
192 110077.00
193 110607.00
194 115753.00
195 109624.00
196 114824.00
197 110269.00
198 110398.00
199 110576.00
200 116697.00
201 109948.00
202 110111.00
203 112025.00
204 106731.00
205 111648.00
206 110026.00
207 109954.00
208 109693.00
209 109636.00
210 109726.00
211 111478.00
212 110101.00
213 109944.00
214 110457.00
215 124868.00
216 109828.00
217 114497.00
218 109490.00
219 112788.00
220 110132.00
221 109961.00
222 110857.00
223 109556.00
224 110223.00
225 109682.00
226 110319.00
227 106999.00
228 110211.00
229 110382.00
230 131291.00
231 110194.00
232 157502.00
233 119684.00
234 110263.00
235 110215.00
236 111125.00
237 109803.00
238 110017.00
239 250136.00
240 202241.00
241 153350.00
242 106685.00
243 111822.00
244 112923.00
245 110484.00
246 109890.00
247 110595.00
248 109908.00
249 110373.00
250 106479.00
251 109780.00
252 109677.00
253 110061.00
254 110233.00
255 110453.00
256 110234.00
257 110447.00
258 110090.00
259 111265.00
260 109773.00
261 109875.00
262 110014.00
263 110959.00
264 110073.00
265 110062.00
266 109734.00
267 110236.00
268 110072.00
269 110337.00
270 110427.00
271 110488.00
272 110183.00
273 110823.00
274 112238.00
275 111161.00
276 113280.00
277 117179.00
278 110107.00
279 110816.00
280 111553.00
281 110201.00
282 112544.00
283 113911.00
284 111435.00
285 118576.00
286 112491.00
287 110387.00
288 110326.00
289 145702.00
290 112117.00
291 110292.00
292 109876.00
293 110579.00
294 110750.00
295 110098.00
296 109166.00
297 109878.00
298 110479.00
299 109968.00
300 110119.00
301 112116.00
302 120085.00
303 112819.00
304 110082.00
305 110494.00
306 144870.00
307 115536.00
308 111062.00
309 110155.00
310 110648.00
311 120635.00
312 110505.00
313 109867.00
314 114763.00
315 110430.00
316 111404.00
317 119221.00
318 112671.00
319 110350.00
320 113047.00
321 110737.00
322 111579.00
323 110247.00
324 110991.00
325 110809.00
326 110464.00
327 140619.00
328 110383.00
329 110432.00
330 110356.00
331 110279.00
332 110006.00
333 110133.00
334 110554.00
335 112181.00
336 109890.00
337 110523.00
338 109671.00
339 109866.00
340 110319.00
341 110092.00
342 110084.00
343 110102.00
344 111761.00
345 115645.00
346 111132.00
347 110256.00
348 109964.00
349 110603.00
350 109781.00
351 111414.00
352 109817.00
353 112489.00
354 110723.00
355 110844.00
356 110093.00
357 110258.00
358 110374.00
359 110355.00
360 110095.00
361 110414.00
362 110430.00
363 110743.00
364 110773.00
365 110113.00
366 110026.00
367 109918.00
368 110421.00
369 110346.00
370 109652.00
371 110859.00
372 110347.00
373 110718.00
374 111281.00
375 110002.00
376 111413.00
377 110099.00
378 111728.00
379 110298.00
380 112482.00
381 110164.00
382 109988.00
383 109976.00
384 109845.00
385 111061.00
386 110960.00
387 110133.00
388 110609.00
389 119398.00
390 110157.00
391 110816.00
392 110258.00
393 115302.00
394 110133.00
395 110221.00
396 141452.00
397 109843.00
398 109798.00
399 111046.00
400 110538.00
401 110205.00
402 113807.00
403 110011.00
404 126485.00
405 110371.00
406 110349.00
407 110889.00
408 109801.00
409 110496.00
410 110105.00
411 110500.00
412 109666.00
413 113796.00
414 115101.00
415 110101.00
416 110348.00
417 110000.00
418 109868.00
419 124953.00
420 110374.00
421 106846.00
422 110028.00
423 110187.00
424 110549.00
425 110050.00
426 112652.00
427 122948.00
428 111760.00
429 111687.00
430 110407.00
431 111847.00
432 109913.00
433 111168.00
434 106990.00
435 110456.00
436 111857.00
437 112987.00
438 110112.00
439 110129.00
440 109794.00
441 110168.00
442 110628.00
443 110585.00
444 110568.00
445 110631.00
446 111217.00
447 110016.00
448 110206.00
449 111489.00
450 109989.00
451 110210.00
452 113867.00
453 110251.00
454 110718.00
455 112418.00
456 112779.00
457 109940.00
458 110386.00
459 130813.00
460 113874.00
461 110069.00
462 107745.00
463 110703.00
464 122867.00
465 110310.00
466 110951.00
467 110308.00
468 110038.00
469 135430.00
470 112840.00
471 110113.00
472 110703.00
473 118753.00
474 110109.00
475 110018.00
476 110254.00
477 110143.00
478 111566.00
479 109946.00
480 107143.00
481 112727.00
482 110680.00
483 110897.00
484 113964.00
485 106975.00
486 110517.00
487 109722.00
488 110506.00
489 119157.00
490 110181.00
491 110544.00
492 117416.00
493 109933.00
494 110769.00
495 110919.00
496 122905.00
497 115956.00
498 109868.00
499 115703.00
500 112867.00
501 110924.00
502 111585.00
503 109954.00
504 111069.00
505 116127.00
506 110146.00
507 112008.00
508 111361.00
509 110343.00
510 110879.00
511 115542.00
512 130507.00
513 110752.00
514 113131.00
515 110117.00
516 110464.00
517 112681.00
518 110087.00
519 109951.00
520 110814.00
521 111448.00
522 110179.00
523 107700.00
524 110518.00
525 110225.00
526 117652.00
527 109922.00
528 114941.00
529 110150.00
530 111334.00
531 107056.00
532 112415.00
533 111065.00
534 111038.00
535 111498.00
536 142306.00
537 110423.00
538 109895.00
539 136342.00
540 112173.00
541 106919.00
542 111504.00
543 128000.00
544 121969.00
545 109767.00
546 115564.00
547 119502.00
548 121836.00
549 111416.00
550 110107.00
551 115928.00
552 113178.00
553 110567.00
554 110934.00
555 110348.00
556 110552.00
557 110916.00
558 110045.00
559 113480.00
560 109987.00
561 110378.00
562 111424.00
563 110143.00
564 110249.00
565 110383.00
566 109595.00
567 116224.00
568 109499.00
569 110012.00
570 112487.00
571 109864.00
572 110020.00
573 116324.00
574 109577.00
575 110702.00
576 129632.00
577 110336.00
578 131454.00
579 109889.00
580 111936.00
581 110113.00
582 110204.00
583 110841.00
584 109701.00
585 112796.00
586 112207.00
587 109954.00
588 110161.00
589 110056.00
590 110053.00
591 115845.00
592 110870.00
593 111040.00
594 110199.00
595 109927.00
596 110242.00
597 109952.00
598 110524.00
599 109699.00
600 110185.00
601 111289.00
602 111393.00
603 110072.00
604 109772.00
605 109883.00
606 110830.00
607 110240.00
608 109718.00
609 109737.00
610 112359.00
611 111023.00
612 109711.00
613 109970.00
614 110140.00
615 110849.00
616 111011.00
617 111313.00
618 110060.00
619 112384.00
620 110450.00
621 110150.00
622 111200.00
623 109995.00
624 114148.00
625 110770.00
626 110054.00
627 109499.00
628 110140.00
629 110056.00
630 110195.00
631 119563.00
632 110797.00
633 110050.00
634 110381.00
635 110311.00
636 110262.00
637 111059.00
638 160288.00
639 112115.00
640 110106.00
641 109922.00
642 110005.00
643 110195.00
644 110199.00
645 110208.00
646 109943.00
647 112499.00
648 110478.00
649 111356.00
650 110538.00
651 111533.00
652 110752.00
653 120221.00
654 110280.00
655 111882.00
656 110150.00
657 140591.00
658 109976.00
659 111243.00
660 109739.00
661 111220.00
662 110590.00
663 152629.00
664 118015.00
665 114545.00
666 110220.00
667 110625.00
668 110042.00
669 109708.00
670 113678.00
671 115743.00
672 110002.00
673 110178.00
674 109854.00
675 110023.00
676 115310.00
677 110302.00
678 110212.00
679 107449.00
680 111761.00
681 110213.00
682 112578.00
683 110998.00
684 109913.00
685 110994.00
686 109956.00
687 110210.00
688 149995.00
689 109587.00
690 110316.00
691 111056.00
692 110218.00
693 114297.00
694 111261.00
695 110183.00
696 110124.00
697 109986.00
698 109919.00
699 110134.00
700 110061.00
701 110209.00
702 110227.00
703 110588.00
704 110957.00
705 114816.00
706 110329.00
707 110726.00
708 118728.00
709 111223.00
710 110163.00
711 110111.00
712 110336.00
713 150436.00
714 109830.00
715 114717.00
716 110405.00
717 111678.00
718 109806.00
719 110183.00
720 110434.00
721 110085.00
722 111944.00
723 110089.00
724 110540.00
725 109954.00
726 110368.00
727 110515.00
728 115315.00
729 110379.00
730 112498.00
731 109478.00
732 109993.00
733 112501.00
734 109653.00
735 127395.00
736 110576.00
737 110197.00
738 136794.00
739 110045.00
740 110364.00
741 111100.00
742 110014.00
743 110014.00
744 111057.00
745 111585.00
746 109710.00
747 111721.00
748 109759.00
749 110098.00
750 110357.00
751 111230.00
752 110226.00
753 110199.00
754 110207.00
755 109717.00
756 110108.00
757 109990.00
758 110274.00
759 113371.00
760 109752.00
761 110391.00
762 110829.00
763 110240.00
764 110892.00
765 110083.00
766 110289.00
767 110196.00
768 110359.00
769 110037.00
770 109892.00
771 110263.00
772 124036.00
773 110052.00
774 110188.00
775 110229.00
776 109816.00
777 110185.00
778 110443.00
779 110085.00
780 110007.00
781 110251.00
782 110290.00
783 111667.00
784 111336.00
785 114976.00
786 110266.00
787 110055.00
788 139606.00
789 110156.00
790 109891.00
791 110036.00
792 110490.00
793 113838.00
794 110013.00
795 112388.00
796 111035.00
797 112479.00
798 109918.00
799 111444.00
800 111088.00
801 112647.00
802 110313.00
803 110011.00
804 114435.00
805 112368.00
806 110616.00
807 111530.00
808 110139.00
809 110113.00
810 110762.00
811 110654.00
812 114832.00
813 177955.00
814 130874.00
815 109816.00
816 110067.00
817 110789.00
818 110682.00
819 110288.00
820 117550.00
821 109956.00
822 110579.00
823 110217.00
824 110374.00
825 111522.00
826 117430.00
827 110132.00
828 110987.00
829 110116.00
830 111282.00
831 111457.00
832 109933.00
833 110088.00
834 116644.00
835 110490.00
836 109925.00
837 110219.00
838 111603.00
839 113109.00
840 110693.00
841 110632.00
842 110061.00
843 111001.00
844 110849.00
845 116145.00
846 111935.00
847 110055.00
848 109920.00
849 111598.00
850 110477.00
851 109955.00
852 127173.00
853 112306.00
854 111512.00
855 109857.00
856 110002.00
857 110170.00
858 106891.00
859 110293.00
860 109903.00
861 110053.00
862 110024.00
863 111118.00
864 109827.00
865 110164.00
866 112751.00
867 110165.00
868 110602.00
869 108182.00
870 110431.00
871 111048.00
872 110697.00
873 110906.00
874 110026.00
875 109970.00
876 109869.00
877 110123.00
878 109523.00
879 109886.00
880 116270.00
881 110312.00
882 111141.00
883 111196.00
884 111509.00
885 116678.00
886 110417.00
887 111515.00
888 110450.00
889 174144.00
890 139743.00
891 113079.00
892 212368.00
893 168879.00
894 125444.00
895 110396.00
896 111179.00
897 111096.00
898 110540.00
899 115393.00
900 110041.00
901 115079.00
902 110386.00
903 111047.00
904 110169.00
905 116214.00
906 110237.00
907 110470.00
908 110357.00
909 107512.00
910 110164.00
911 110513.00
912 111615.00
913 111160.00
914 111559.00
915 112922.00
916 110380.00
917 110640.00
918 109989.00
919 110199.00
920 113261.00
921 110429.00
922 108423.00
923 112714.00
924 112680.00
925 110998.00
926 112980.00
927 110365.00
928 110345.00
929 146765.00
930 130843.00
931 109606.00
932 110030.00
933 110412.00
934 112151.00
935 112037.00
936 110594.00
937 110988.00
938 111769.00
939 113025.00
940 110290.00
941 109711.00
942 110126.00
943 110317.00
944 110245.00
945 110183.00
946 109985.00
947 114612.00
948 109865.00
949 115899.00
950 109645.00
951 109728.00
952 110110.00
953 110019.00
954 110181.00
955 110874.00
956 110068.00
957 110247.00
958 110202.00
959 117658.00
960 110713.00
961 111110.00
962 109773.00
963 110282.00
964 110323.00
965 110076.00
966 111618.00
967 110614.00
968 111521.00
969 114480.00
970 111058.00
971 110184.00
972 111062.00
973 109952.00
974 111866.00
975 109998.00
976 110712.00
977 109907.00
978 110045.00
979 110164.00
980 109950.00
981 109838.00
982 110236.00
983 107172.00
984 113265.00
985 110124.00
986 110116.00
987 110189.00
988 110454.00
989 117883.00
990 110196.00
991 121496.00
992 122333.00
993 110218.00
994 110301.00
995 111647.00
996 110403.00
997 110276.00
998 110642.00
999 110084.00
