2000
0 379447.00
1 391389.00
2 389732.00
3 389084.00
4 404693.00
5 403314.00
6 403935.00
7 402394.00
8 401459.00
9 401884.00
10 401062.00
11 399554.00
12 398682.00
13 397257.00
14 396704.00
15 395007.00
16 393686.00
17 392690.00
18 391238.00
19 391060.00
20 389900.00
21 388495.00
22 387590.00
23 386385.00
24 385261.00
25 384331.00
26 382948.00
27 381775.00
28 385562.00
29 384401.00
30 383960.00
31 382831.00
32 382938.00
33 382482.00
34 384485.00
35 383187.00
36 381913.00
37 381519.00
38 380401.00
39 379421.00
40 385887.00
41 385277.00
42 384861.00
43 384781.00
44 390141.00
45 390703.00
46 392477.00
47 391639.00
48 390935.00
49 390529.00
50 389321.00
51 387985.00
52 389232.00
53 387837.00
54 386653.00
55 385251.00
56 385117.00
57 384142.00
58 382812.00
59 386114.00
60 384691.00
61 384201.00
62 383332.00
63 381889.00
64 381779.00
65 380545.00
66 385856.00
67 384433.00
68 386987.00
69 385789.00
70 385132.00
71 383950.00
72 384643.00
73 383393.00
74 381946.00
75 381466.00
76 380548.00
77 387587.00
78 386526.00
79 385303.00
80 383916.00
81 382952.00
82 381549.00
83 380325.00
84 387114.00
85 386161.00
86 384897.00
87 383471.00
88 383369.00
89 382571.00
90 381137.00
91 388713.00
92 387406.00
93 386181.00
94 385855.00
95 385278.00
96 384361.00
97 384476.00
98 382966.00
99 383020.00
100 381862.00
101 380405.00
102 379958.00
103 385320.00
104 383974.00
105 382539.00
106 381606.00
107 380381.00
108 379718.00
109 386779.00
110 385194.00
111 384276.00
112 382849.00
113 381611.00
114 380721.00
115 379214.00
116 383697.00
117 382243.00
118 381354.00
119 380865.00
120 379474.00
121 379032.00
122 385263.00
123 383319.00
124 382822.00
125 381429.00
126 380602.00
127 379025.00
128 385684.00
129 384085.00
130 382875.00
131 382387.00
132 380965.00
133 380040.00
134 380473.00
135 381584.00
136 381389.00
137 380264.00
138 379546.00
139 379161.00
140 378651.00
141 388665.00
142 388331.00
143 387160.00
144 385934.00
145 384733.00
146 384515.00
147 384621.00
148 383388.00
149 382182.00
150 381816.00
151 380245.00
152 379053.00
153 386810.00
154 397576.00
155 395939.00
156 395028.00
157 393618.00
158 392422.00
159 395466.00
160 401150.00
161 400452.00
162 399512.00
163 401688.00
164 400081.00
165 398888.00
166 398673.00
167 397227.00
168 396381.00
169 399309.00
170 397838.00
171 396692.00
172 395700.00
173 394309.00
174 393365.00
175 393884.00
176 394247.00
177 393000.00
178 392293.00
179 391118.00
180 389920.00
181 390488.00
182 389423.00
183 390831.00
184 391351.00
185 390197.00
186 388750.00
187 387891.00
188 387574.00
189 385889.00
190 389359.00
191 390670.00
192 389509.00
193 389891.00
194 388332.00
195 388146.00
196 387709.00
197 388540.00
198 388584.00
199 387878.00
200 386720.00
201 385193.00
202 384734.00
203 386882.00
204 385381.00
205 384619.00
206 383727.00
207 382773.00
208 381838.00
209 380617.00
210 387132.00
211 385863.00
212 384687.00
213 383764.00
214 382323.00
215 381878.00
216 507755.00
217 506363.00
218 505009.00
219 503968.00
220 502812.00
221 501341.00
222 501398.00
223 500475.00
224 499033.00
225 497882.00
226 498116.00
227 496742.00
228 495554.00
229 494604.00
230 493167.00
231 491956.00
232 490496.00
233 489618.00
234 488360.00
235 487199.00
236 486361.00
237 486850.00
238 485313.00
239 484208.00
240 483786.00
241 482315.00
242 482104.00
243 481385.00
244 479979.00
245 478741.00
246 477359.00
247 476413.00
248 476242.00
249 475268.00
250 473871.00
251 472722.00
252 471205.00
253 471015.00
254 472508.00
255 471146.00
256 470019.00
257 468478.00
258 467547.00
259 468057.00
260 466898.00
261 466421.00
262 465208.00
263 464777.00
264 465557.00
265 465473.00
266 464854.00
267 464002.00
268 462499.00
269 461307.00
270 461147.00
271 461164.00
272 461467.00
273 460089.00
274 459119.00
275 459159.00
276 459156.00
277 463404.00
278 461959.00
279 460780.00
280 459312.00
281 458392.00
282 460262.00
283 458715.00
284 457791.00
285 456319.00
286 455389.00
287 454057.00
288 453768.00
289 452529.00
290 451432.00
291 450205.00
292 449009.00
293 447600.00
294 447897.00
295 446702.00
296 445213.00
297 444385.00
298 443007.00
299 441639.00
300 441452.00
301 440324.00
302 439005.00
303 437827.00
304 438684.00
305 437197.00
306 436284.00
307 434863.00
308 433669.00
309 433439.00
310 433017.00
311 432516.00
312 432123.00
313 430968.00
314 430563.00
315 431062.00
316 430063.00
317 561155.00
318 559540.00
319 558342.00
320 557365.00
321 557181.00
322 555737.00
323 554812.00
324 553402.00
325 552439.00
326 550976.00
327 549994.00
328 549851.00
329 550712.00
330 549656.00
331 551873.00
332 550632.00
333 551620.00
334 550120.00
335 551618.00
336 551438.00
337 549982.00
338 549749.00
339 549115.00
340 547616.00
341 547374.00
342 546989.00
343 547797.00
344 548109.00
345 546579.00
346 622210.00
347 621117.00
348 621345.00
349 620663.00
350 619525.00
351 618584.00
352 619437.00
353 618169.00
354 616969.00
355 617059.00
356 615820.00
357 614670.00
358 615732.00
359 614490.00
360 613567.00
361 614303.00
362 613168.00
363 613892.00
364 614230.00
365 613014.00
366 612755.00
367 613061.00
368 613155.00
369 613438.00
370 615338.00
371 614517.00
372 616158.00
373 616066.00
374 615100.00
375 614662.00
376 614724.00
377 614221.00
378 612807.00
379 613358.00
380 612842.00
381 613875.00
382 613231.00
383 612052.00
384 611113.00
385 609681.00
386 609950.00
387 609006.00
388 607555.00
389 607123.00
390 605938.00
391 604452.00
392 603537.00
393 603181.00
394 601650.00
395 600453.00
396 601020.00
397 599798.00
398 598401.00
399 598957.00
400 597929.00
401 596532.00
402 595384.00
403 596899.00
404 595688.00
405 594496.00
406 593102.00
407 592169.00
408 590713.00
409 590531.00
410 589505.00
411 588183.00
412 587018.00
413 586470.00
414 585073.00
415 585810.00
416 584335.00
417 583410.00
418 583239.00
419 581798.00
420 580591.00
421 579168.00
422 578192.00
423 576757.00
424 576592.00
425 575390.00
426 573943.00
427 573028.00
428 571589.00
429 570451.00
430 569425.00
431 568132.00
432 566862.00
433 565436.00
434 567428.00
435 566469.00
436 565019.00
437 567797.00
438 566599.00
439 566169.00
440 564725.00
441 563790.00
442 562628.00
443 562102.00
444 561903.00
445 560741.00
446 564284.00
447 563798.00
448 562332.00
449 561467.00
450 560502.00
451 559045.00
452 557840.00
453 556405.00
454 555388.00
455 554965.00
456 553522.00
457 552379.00
458 550961.00
459 550022.00
460 549788.00
461 556037.00
462 554805.00
463 553383.00
464 552161.00
465 550964.00
466 551526.00
467 550078.00
468 549141.00
469 547766.00
470 546513.00
471 545339.00
472 544129.00
473 544145.00
474 543260.00
475 541778.00
476 540872.00
477 539717.00
478 539539.00
479 544808.00
480 543636.00
481 542050.00
482 541379.00
483 540932.00
484 541006.00
485 539516.00
486 538586.00
487 539156.00
488 538044.00
489 537504.00
490 536305.00
491 536669.00
492 536616.00
493 535673.00
494 534493.00
495 533769.00
496 532658.00
497 531393.00
498 530281.00
499 532004.00
500 532384.00
501 532585.00
502 531395.00
503 531432.00
504 531540.00
505 531326.00
506 529849.00
507 535379.00
508 534350.00
509 532930.00
510 533202.00
511 532789.00
512 531820.00
513 531867.00
514 530699.00
515 531054.00
516 529577.00
517 529061.00
518 528373.00
519 526948.00
520 528076.00
521 528412.00
522 529719.00
523 528648.00
524 527440.00
525 526014.00
526 526526.00
527 526064.00
528 526955.00
529 527459.00
530 528666.00
531 529263.00
532 528752.00
533 527589.00
534 530064.00
535 528596.00
536 527408.00
537 528194.00
538 527636.00
539 527051.00
540 527921.00
541 527876.00
542 526948.00
543 529221.00
544 529032.00
545 527598.00
546 529431.00
547 527954.00
548 526919.00
549 532989.00
550 531937.00
551 530532.00
552 531624.00
553 533103.00
554 532627.00
555 531474.00
556 531265.00
557 529846.00
558 531901.00
559 531363.00
560 531958.00
561 530988.00
562 529662.00
563 529519.00
564 530664.00
565 529246.00
566 529714.00
567 528780.00
568 527612.00
569 528695.00
570 528008.00
571 640217.00
572 638573.00
573 645451.00
574 643963.00
575 642889.00
576 641461.00
577 641045.00
578 640903.00
579 641165.00
580 640643.00
581 640234.00
582 639758.00
583 640608.00
584 644442.00
585 642847.00
586 642459.00
587 640950.00
588 639793.00
589 640598.00
590 640626.00
591 639391.00
592 639327.00
593 639547.00
594 639029.00
595 637565.00
596 637429.00
597 636214.00
598 635840.00
599 636075.00
600 636975.00
601 635685.00
602 634233.00
603 633781.00
604 632814.00
605 633004.00
606 631367.00
607 630421.00
608 629004.00
609 628069.00
610 628393.00
611 627186.00
612 625768.00
613 624820.00
614 624671.00
615 624570.00
616 622937.00
617 622040.00
618 622483.00
619 620873.00
620 622711.00
621 621710.00
622 620297.00
623 620352.00
624 619394.00
625 619366.00
626 617966.00
627 616825.00
628 620822.00
629 619448.00
630 618445.00
631 618203.00
632 617035.00
633 616057.00
634 614684.00
635 614665.00
636 613755.00
637 612499.00
638 611119.00
639 610185.00
640 609972.00
641 608517.00
642 609057.00
643 607891.00
644 606385.00
645 612072.00
646 610629.00
647 611000.00
648 609794.00
649 610185.00
650 608604.00
651 607716.00
652 606496.00
653 608290.00
654 607851.00
655 606868.00
656 605465.00
657 604586.00
658 606670.00
659 609416.00
660 612881.00
661 611624.00
662 611175.00
663 611242.00
664 609736.00
665 616621.00
666 616525.00
667 616786.00
668 617336.00
669 617884.00
670 617675.00
671 616486.00
672 617298.00
673 616320.00
674 614828.00
675 613670.00
676 613286.00
677 613645.00
678 612073.00
679 611886.00
680 610726.00
681 609271.00
682 609507.00
683 609841.00
684 608628.00
685 613467.00
686 611903.00
687 611710.00
688 610533.00
689 609094.00
690 608631.00
691 609682.00
692 608315.00
693 607561.00
694 608801.00
695 609375.00
696 607941.00
697 606972.00
698 606528.00
699 605095.00
700 603971.00
701 603775.00
702 604034.00
703 602576.00
704 602105.00
705 600912.00
706 599503.00
707 599131.00
708 599873.00
709 599892.00
710 598981.00
711 599030.00
712 598050.00
713 596609.00
714 596701.00
715 595732.00
716 595871.00
717 595543.00
718 594118.00
719 593652.00
720 592724.00
721 593605.00
722 592412.00
723 590780.00
724 589895.00
725 588472.00
726 587517.00
727 587828.00
728 586610.00
729 585955.00
730 585532.00
731 584367.00
732 583142.00
733 582425.00
734 582991.00
735 582533.00
736 581396.00
737 580172.00
738 578932.00
739 577509.00
740 578589.00
741 577329.00
742 576902.00
743 575971.00
744 575539.00
745 576322.00
746 575106.00
747 575481.00
748 573972.00
749 578258.00
750 576764.00
751 578661.00
752 578284.00
753 578131.00
754 577275.00
755 575720.00
756 575550.00
757 574108.00
758 573167.00
759 572910.00
760 572832.00
761 571557.00
762 570358.00
763 569729.00
764 568702.00
765 573633.00
766 571958.00
767 572521.00
768 571596.00
769 570129.00
770 569816.00
771 568735.00
772 567300.00
773 566400.00
774 567243.00
775 566016.00
776 564606.00
777 563609.00
778 563184.00
779 561731.00
780 560545.00
781 562213.00
782 560968.00
783 559443.00
784 558510.00
785 557323.00
786 555884.00
787 555668.00
788 555738.00
789 556864.00
790 556611.00
791 558324.00
792 557939.00
793 565809.00
794 565352.00
795 563944.00
796 564787.00
797 564735.00
798 568811.00
799 567816.00
800 567391.00
801 565971.00
802 567056.00
803 565496.00
804 565903.00
805 564639.00
806 563169.00
807 569817.00
808 568314.00
809 567206.00
810 566068.00
811 566604.00
812 565138.00
813 563953.00
814 563743.00
815 562098.00
816 562171.00
817 560943.00
818 559490.00
819 559046.00
820 558448.00
821 556950.00
822 555771.00
823 555418.00
824 553832.00
825 552930.00
826 551449.00
827 551030.00
828 549891.00
829 549429.00
830 548977.00
831 547792.00
832 546349.00
833 545407.00
834 544168.00
835 544001.00
836 542591.00
837 541649.00
838 541136.00
839 539720.00
840 538748.00
841 538119.00
842 536877.00
843 536024.00
844 534564.00
845 536119.00
846 534580.00
847 533417.00
848 532048.00
849 531414.00
850 529885.00
851 528695.00
852 527717.00
853 526331.00
854 525073.00
855 524856.00
856 523972.00
857 522798.00
858 521827.00
859 520419.00
860 520709.00
861 520282.00
862 519778.00
863 519571.00
864 518428.00
865 517971.00
866 517266.00
867 516397.00
868 515094.00
869 513905.00
870 513510.00
871 512792.00
872 514551.00
873 513329.00
874 512203.00
875 513925.00
876 513417.00
877 512336.00
878 511080.00
879 509610.00
880 510532.00
881 508968.00
882 508075.00
883 514027.00
884 513058.00
885 511655.00
886 511175.00
887 513009.00
888 511808.00
889 510571.00
890 509173.00
891 508221.00
892 513626.00
893 512257.00
894 511811.00
895 510629.00
896 509669.00
897 508248.00
898 507180.00
899 505627.00
900 504695.00
901 503267.00
902 502045.00
903 501218.00
904 499684.00
905 498501.00
906 498309.00
907 496868.00
908 495919.00
909 494509.00
910 493353.00
911 491808.00
912 490913.00
913 489430.00
914 489044.00
915 488556.00
916 487385.00
917 486178.00
918 485255.00
919 483835.00
920 482620.00
921 481162.00
922 480739.00
923 480271.00
924 482568.00
925 482608.00
926 481184.00
927 482127.00
928 480562.00
929 482164.00
930 480611.00
931 479500.00
932 478455.00
933 477388.00
934 476066.00
935 474693.00
936 473934.00
937 472269.00
938 471828.00
939 471749.00
940 473227.00
941 471758.00
942 470771.00
943 469202.00
944 468232.00
945 466844.00
946 465654.00
947 464733.00
948 463305.00
949 462012.00
950 463597.00
951 462627.00
952 462245.00
953 460812.00
954 459806.00
955 458399.00
956 457207.00
957 470019.00
958 469383.00
959 469143.00
960 468216.00
961 467275.00
962 468578.00
963 472433.00
964 470861.00
965 469690.00
966 468757.00
967 468060.00
968 467367.00
969 466642.00
970 465234.00
971 464030.00
972 463551.00
973 462384.00
974 461146.00
975 461042.00
976 459538.00
977 460347.00
978 459138.00
979 458220.00
980 594917.00
981 596475.00
982 596048.00
983 594622.00
984 593711.00
985 596960.00
986 613031.00
987 612095.00
988 611562.00
989 610107.00
990 608974.00
991 609250.00
992 611266.00
993 611290.00
994 610854.00
995 609438.00
996 608562.00
997 606972.00
998 606581.00
999 610808.00
1000 609361.00
1001 608234.00
1002 609292.00
1003 608293.00
1004 606931.00
1005 605653.00
1006 608187.00
1007 606730.00
1008 605542.00
1009 604104.00
1010 603206.00
1011 601990.00
1012 600590.00
1013 602156.00
1014 600941.00
1015 603142.00
1016 603204.00
1017 602846.00
1018 602638.00
1019 602589.00
1020 605377.00
1021 604133.00
1022 602751.00
1023 602772.00
1024 604157.00
1025 603550.00
1026 602102.00
1027 602438.00
1028 606520.00
1029 605015.00
1030 609422.00
1031 608005.00
1032 608789.00
1033 610123.00
1034 608923.00
1035 607456.00
1036 607236.00
1037 612822.00
1038 611760.00
1039 623063.00
1040 621757.00
1041 623713.00
1042 623024.00
1043 622112.00
1044 620957.00
1045 619481.00
1046 619352.00
1047 617866.00
1048 616877.00
1049 618402.00
1050 618521.00
1051 617996.00
1052 617847.00
1053 616682.00
1054 616180.00
1055 614757.00
1056 613749.00
1057 614581.00
1058 613429.00
1059 612262.00
1060 611042.00
1061 610609.00
1062 609437.00
1063 608211.00
1064 607858.00
1065 606276.00
1066 605272.00
1067 604114.00
1068 603444.00
1069 602240.00
1070 601073.00
1071 599895.00
1072 599783.00
1073 598264.00
1074 597051.00
1075 596607.00
1076 595203.00
1077 594301.00
1078 593095.00
1079 592326.00
1080 591153.00
1081 589971.00
1082 589529.00
1083 589350.00
1084 588381.00
1085 586955.00
1086 585743.00
1087 585352.00
1088 583883.00
1089 588972.00
1090 587635.00
1091 587221.00
1092 585801.00
1093 586078.00
1094 585672.00
1095 584452.00
1096 582974.00
1097 588470.00
1098 587522.00
1099 587160.00
1100 587190.00
1101 586698.00
1102 585270.00
1103 585034.00
1104 584202.00
1105 582686.00
1106 581454.00
1107 580026.00
1108 579651.00
1109 578732.00
1110 577233.00
1111 575978.00
1112 575518.00
1113 574161.00
1114 573428.00
1115 573001.00
1116 571548.00
1117 571232.00
1118 570737.00
1119 569204.00
1120 568038.00
1121 567096.00
1122 565672.00
1123 564466.00
1124 568875.00
1125 568351.00
1126 567321.00
1127 565946.00
1128 564707.00
1129 563297.00
1130 562366.00
1131 563332.00
1132 562140.00
1133 560755.00
1134 559773.00
1135 558612.00
1136 557890.00
1137 556709.00
1138 555753.00
1139 554259.00
1140 553108.00
1141 553697.00
1142 552263.00
1143 551092.00
1144 550594.00
1145 549135.00
1146 548226.00
1147 546997.00
1148 546346.00
1149 545100.00
1150 543971.00
1151 543510.00
1152 542563.00
1153 541096.00
1154 539942.00
1155 539556.00
1156 538024.00
1157 537071.00
1158 536635.00
1159 535202.00
1160 534294.00
1161 533824.00
1162 533207.00
1163 531974.00
1164 531607.00
1165 531147.00
1166 529636.00
1167 528683.00
1168 527236.00
1169 526808.00
1170 525898.00
1171 524426.00
1172 523488.00
1173 524614.00
1174 524069.00
1175 522882.00
1176 521678.00
1177 520564.00
1178 520280.00
1179 518825.00
1180 517654.00
1181 518015.00
1182 517865.00
1183 516780.00
1184 515846.00
1185 514992.00
1186 513717.00
1187 513299.00
1188 512072.00
1189 510623.00
1190 510178.00
1191 509309.00
1192 508841.00
1193 508871.00
1194 507407.00
1195 506473.00
1196 517676.00
1197 518750.00
1198 519382.00
1199 520250.00
1200 521467.00
1201 524026.00
1202 523591.00
1203 523082.00
1204 526242.00
1205 524688.00
1206 524216.00
1207 550317.00
1208 548749.00
1209 547749.00
1210 546552.00
1211 545104.00
1212 544215.00
1213 542763.00
1214 546017.00
1215 544770.00
1216 543852.00
1217 542383.00
1218 541227.00
1219 539759.00
1220 538927.00
1221 537478.00
1222 536202.00
1223 535304.00
1224 534066.00
1225 533632.00
1226 533237.00
1227 536702.00
1228 535779.00
1229 534346.00
1230 533233.00
1231 531926.00
1232 531015.00
1233 529865.00
1234 528410.00
1235 527517.00
1236 525971.00
1237 524831.00
1238 523399.00
1239 522443.00
1240 521362.00
1241 519813.00
1242 518942.00
1243 517657.00
1244 516532.00
1245 515074.00
1246 514141.00
1247 512752.00
1248 511535.00
1249 510584.00
1250 509121.00
1251 507957.00
1252 506450.00
1253 505551.00
1254 504166.00
1255 503120.00
1256 501732.00
1257 500828.00
1258 499610.00
1259 498182.00
1260 497269.00
1261 495782.00
1262 495659.00
1263 495141.00
1264 495679.00
1265 495559.00
1266 495065.00
1267 493875.00
1268 494398.00
1269 493959.00
1270 493766.00
1271 493845.00
1272 493076.00
1273 491900.00
1274 492396.00
1275 492704.00
1276 491550.00
1277 491306.00
1278 490365.00
1279 489913.00
1280 489763.00
1281 488571.00
1282 488398.00
1283 488365.00
1284 488229.00
1285 486849.00
1286 485552.00
1287 485369.00
1288 485388.00
1289 483957.00
1290 483517.00
1291 482351.00
1292 482120.00
1293 480850.00
1294 481949.00
1295 487229.00
1296 486960.00
1297 485543.00
1298 485282.00
1299 485563.00
1300 487118.00
1301 487177.00
1302 486947.00
1303 488037.00
1304 487060.00
1305 486646.00
1306 489899.00
1307 488302.00
1308 487884.00
1309 487671.00
1310 486723.00
1311 485238.00
1312 485098.00
1313 484151.00
1314 482718.00
1315 484613.00
1316 483576.00
1317 491456.00
1318 489821.00
1319 490798.00
1320 492608.00
1321 491644.00
1322 490405.00
1323 491061.00
1324 490025.00
1325 489552.00
1326 490916.00
1327 489422.00
1328 488220.00
1329 488520.00
1330 488340.00
1331 487112.00
1332 487644.00
1333 486214.00
1334 485046.00
1335 485326.00
1336 485152.00
1337 483695.00
1338 488747.00
1339 494126.00
1340 492905.00
1341 494004.00
1342 493961.00
1343 495320.00
1344 498089.00
1345 497599.00
1346 496185.00
1347 500147.00
1348 499937.00
1349 498453.00
1350 510571.00
1351 509966.00
1352 510053.00
1353 509529.00
1354 508093.00
1355 510681.00
1356 511378.00
1357 513634.00
1358 512701.00
1359 512588.00
1360 512763.00
1361 511603.00
1362 510411.00
1363 512005.00
1364 512274.00
1365 510656.00
1366 510784.00
1367 516270.00
1368 515819.00
1369 514646.00
1370 514231.00
1371 515026.00
1372 514808.00
1373 515585.00
1374 515170.00
1375 514211.00
1376 515528.00
1377 514466.00
1378 514281.00
1379 532784.00
1380 531132.00
1381 530785.00
1382 529815.00
1383 528306.00
1384 527142.00
1385 526682.00
1386 525231.00
1387 524563.00
1388 523156.00
1389 521964.00
1390 520990.00
1391 519518.00
1392 518309.00
1393 516910.00
1394 515945.00
1395 514591.00
1396 513388.00
1397 512450.00
1398 510964.00
1399 510034.00
1400 508610.00
1401 508162.00
1402 507234.00
1403 505788.00
1404 504560.00
1405 503074.00
1406 503154.00
1407 503449.00
1408 503736.00
1409 503323.00
1410 502227.00
1411 501676.00
1412 501507.00
1413 501521.00
1414 500113.00
1415 498873.00
1416 500138.00
1417 502423.00
1418 502237.00
1419 501021.00
1420 499700.00
1421 498611.00
1422 497252.00
1423 496308.00
1424 494831.00
1425 493976.00
1426 492697.00
1427 491263.00
1428 490326.00
1429 488905.00
1430 487660.00
1431 486310.00
1432 485312.00
1433 484141.00
1434 482716.00
1435 482081.00
1436 480584.00
1437 479464.00
1438 477949.00
1439 477058.00
1440 475606.00
1441 474439.00
1442 473563.00
1443 472010.00
1444 470888.00
1445 469456.00
1446 468703.00
1447 467259.00
1448 466146.00
1449 464924.00
1450 463740.00
1451 462552.00
1452 461085.00
1453 460321.00
1454 458747.00
1455 457543.00
1456 456090.00
1457 455164.00
1458 454915.00
1459 453550.00
1460 454575.00
1461 453142.00
1462 452220.00
1463 450781.00
1464 456201.00
1465 455054.00
1466 454087.00
1467 452658.00
1468 457254.00
1469 465431.00
1470 464125.00
1471 462768.00
1472 462256.00
1473 461329.00
1474 460346.00
1475 461448.00
1476 460210.00
1477 459005.00
1478 457669.00
1479 457163.00
1480 456946.00
1481 456087.00
1482 455734.00
1483 454346.00
1484 453358.00
1485 452915.00
1486 453478.00
1487 452056.00
1488 451105.00
1489 449914.00
1490 455525.00
1491 453915.00
1492 456323.00
1493 455024.00
1494 453576.00
1495 452397.00
1496 451167.00
1497 452456.00
1498 452276.00
1499 450837.00
1500 449890.00
1501 448493.00
1502 447269.00
1503 446826.00
1504 448221.00
1505 447894.00
1506 448213.00
1507 447226.00
1508 447179.00
1509 445612.00
1510 445432.00
1511 444983.00
1512 444017.00
1513 442839.00
1514 441613.00
1515 442388.00
1516 442513.00
1517 441317.00
1518 439800.00
1519 438942.00
1520 438694.00
1521 438718.00
1522 438242.00
1523 436827.00
1524 435897.00
1525 435758.00
1526 434283.00
1527 434029.00
1528 433105.00
1529 431914.00
1530 435904.00
1531 434740.00
1532 433357.00
1533 432347.00
1534 430923.00
1535 429733.00
1536 429510.00
1537 428162.00
1538 427863.00
1539 429216.00
1540 427755.00
1541 426552.00
1542 426614.00
1543 425173.00
1544 426133.00
1545 427494.00
1546 426547.00
1547 425095.00
1548 426951.00
1549 425657.00
1550 424223.00
1551 425796.00
1552 424565.00
1553 423815.00
1554 423718.00
1555 422287.00
1556 421282.00
1557 421327.00
1558 420401.00
1559 422212.00
1560 422699.00
1561 421278.00
1562 421574.00
1563 421336.00
1564 420473.00
1565 422414.00
1566 422493.00
1567 423595.00
1568 422564.00
1569 421128.00
1570 419982.00
1571 420265.00
1572 420021.00
1573 418854.00
1574 421468.00
1575 421262.00
1576 419998.00
1577 422407.00
1578 421122.00
1579 420098.00
1580 420391.00
1581 419217.00
1582 417967.00
1583 418017.00
1584 416858.00
1585 416996.00
1586 419428.00
1587 417956.00
1588 417524.00
1589 418786.00
1590 417360.00
1591 417140.00
1592 418676.00
1593 418522.00
1594 416998.00
1595 417085.00
1596 416637.00
1597 416144.00
1598 417649.00
1599 416963.00
1600 416047.00
1601 416146.00
1602 416118.00
1603 414919.00
1604 413495.00
1605 412542.00
1606 412851.00
1607 412408.00
1608 412228.00
1609 412783.00
1610 411358.00
1611 410366.00
1612 411177.00
1613 409945.00
1614 536599.00
1615 536446.00
1616 535233.00
1617 534824.00
1618 535854.00
1619 535105.00
1620 533734.00
1621 534485.00
1622 534774.00
1623 533345.00
1624 534118.00
1625 535190.00
1626 533951.00
1627 532504.00
1628 531614.00
1629 532650.00
1630 531703.00
1631 531245.00
1632 529770.00
1633 528598.00
1634 527158.00
1635 527713.00
1636 526508.00
1637 526085.00
1638 524622.00
1639 523688.00
1640 522502.00
1641 521812.00
1642 521845.00
1643 521167.00
1644 519978.00
1645 518557.00
1646 517568.00
1647 516163.00
1648 517180.00
1649 517749.00
1650 516575.00
1651 529648.00
1652 530039.00
1653 529265.00
1654 528274.00
1655 576076.00
1656 574687.00
1657 574981.00
1658 575069.00
1659 574080.00
1660 574915.00
1661 573673.00
1662 572483.00
1663 572793.00
1664 571608.00
1665 572379.00
1666 571419.00
1667 573248.00
1668 579221.00
1669 579463.00
1670 579024.00
1671 579041.00
1672 577606.00
1673 577399.00
1674 577745.00
1675 576508.00
1676 576185.00
1677 576404.00
1678 575955.00
1679 574488.00
1680 576591.00
1681 575352.00
1682 576238.00
1683 578052.00
1684 576533.00
1685 576006.00
1686 576584.00
1687 575302.00
1688 573924.00
1689 576630.00
1690 575260.00
1691 573788.00
1692 576502.00
1693 577543.00
1694 575875.00
1695 576174.00
1696 594071.00
1697 592794.00
1698 593772.00
1699 594766.00
1700 597601.00
1701 596163.00
1702 596622.00
1703 595971.00
1704 596035.00
1705 595348.00
1706 594982.00
1707 593603.00
1708 593267.00
1709 592958.00
1710 592674.00
1711 591684.00
1712 590282.00
1713 590324.00
1714 589407.00
1715 592609.00
1716 592378.00
1717 591460.00
1718 589986.00
1719 589803.00
1720 588819.00
1721 587738.00
1722 586954.00
1723 586091.00
1724 585775.00
1725 584434.00
1726 583443.00
1727 583279.00
1728 581827.00
1729 580909.00
1730 579705.00
1731 578522.00
1732 577077.00
1733 575918.00
1734 574930.00
1735 575079.00
1736 573792.00
1737 572576.00
1738 577365.00
1739 576262.00
1740 574942.00
1741 573523.00
1742 573848.00
1743 572664.00
1744 573463.00
1745 572447.00
1746 571258.00
1747 570833.00
1748 569628.00
1749 571927.00
1750 570893.00
1751 710169.00
1752 708535.00
1753 1445272.00
1754 1443815.00
1755 1442366.00
1756 1441456.00
1757 1440042.00
1758 1439128.00
1759 1438143.00
1760 1438400.00
1761 1437158.00
1762 1436127.00
1763 1434839.00
1764 1433450.00
1765 1432549.00
1766 1431148.00
1767 1429860.00
1768 1428495.00
1769 1428711.00
1770 1427502.00
1771 1426089.00
1772 1427562.00
1773 1426045.00
1774 1424782.00
1775 1423304.00
1776 1429481.00
1777 1427825.00
1778 1426736.00
1779 1425239.00
1780 1424289.00
1781 1422858.00
1782 1421682.00
1783 1421179.00
1784 1419722.00
1785 1419789.00
1786 1418852.00
1787 1418449.00
1788 1416963.00
1789 1415741.00
1790 1414603.00
1791 1413385.00
1792 1411942.00
1793 1410813.00
1794 1409820.00
1795 1410114.00
1796 1408939.00
1797 1408065.00
1798 1406366.00
1799 1405201.00
1800 1404238.00
1801 1402769.00
1802 1405795.00
1803 1404811.00
1804 1404926.00
1805 1403458.00
1806 1402246.00
1807 1402108.00
1808 1401592.00
1809 1400355.00
1810 1405005.00
1811 1403757.00
1812 1402370.00
1813 1401353.00
1814 1399939.00
1815 1398772.00
1816 1397217.00
1817 1396326.00
1818 1394916.00
1819 1393669.00
1820 1393011.00
1821 1391535.00
1822 1390340.00
1823 1391266.00
1824 1390176.00
1825 1388736.00
1826 1387589.00
1827 1386146.00
1828 1385113.00
1829 1383863.00
1830 1382873.00
1831 1383299.00
1832 1383287.00
1833 1382695.00
1834 1381723.00
1835 1380315.00
1836 1379814.00
1837 1378696.00
1838 1377208.00
1839 1376515.00
1840 1376085.00
1841 1374717.00
1842 1373432.00
1843 1372003.00
1844 1371059.00
1845 1370603.00
1846 1369204.00
1847 1368100.00
1848 1368544.00
1849 1367079.00
1850 1365897.00
1851 1365027.00
1852 1363524.00
1853 1363095.00
1854 1361941.00
1855 1360469.00
1856 1360038.00
1857 1358606.00
1858 1357650.00
1859 1356675.00
1860 1355285.00
1861 1354308.00
1862 1353875.00
1863 1352443.00
1864 1351236.00
1865 1350848.00
1866 1349493.00
1867 1348396.00
1868 1347042.00
1869 1347767.00
1870 1346628.00
1871 1345361.00
1872 1344218.00
1873 1342975.00
1874 1345082.00
1875 1343581.00
1876 1342668.00
1877 1341703.00
1878 1340973.00
1879 1339829.00
1880 1338394.00
1881 1341055.00
1882 1339696.00
1883 1339000.00
1884 1338572.00
1885 1337368.00
1886 1337175.00
1887 1336747.00
1888 1339389.00
1889 1337809.00
1890 1336659.00
1891 1335219.00
1892 1336977.00
1893 1335553.00
1894 1335069.00
1895 1334096.00
1896 1333690.00
1897 1332250.00
1898 1331030.00
1899 1329560.00
1900 1329076.00
1901 1328157.00
1902 1327022.00
1903 1326624.00
1904 1325447.00
1905 1324739.00
1906 1324386.00
1907 1323167.00
1908 1322583.00
1909 1321908.00
1910 1321460.00
1911 1320519.00
1912 1319025.00
1913 1318204.00
1914 1317030.00
1915 1317275.00
1916 1315820.00
1917 1314630.00
1918 1313230.00
1919 1312761.00
1920 1311761.00
1921 1310571.00
1922 1309598.00
1923 1308054.00
1924 1307033.00
1925 1310141.00
