1000
0 245516.00
1 245902.00
2 245720.00
3 250447.00
4 250932.00
5 249966.00
6 248739.00
7 249724.00
8 248294.00
9 247379.00
10 247104.00
11 245744.00
12 246568.00
13 248339.00
14 248048.00
15 248791.00
16 247402.00
17 246906.00
18 247293.00
19 247116.00
20 246958.00
21 247297.00
22 246185.00
23 247201.00
24 246240.00
25 245114.00
26 246177.00
27 246679.00
28 246024.00
29 244830.00
30 245707.00
31 244310.00
32 247080.00
33 245864.00
34 244975.00
35 247008.00
36 245937.00
37 244720.00
38 246026.00
39 244621.00
40 244418.00
41 246388.00
42 246233.00
43 246609.00
44 249437.00
45 248226.00
46 248071.00
47 248435.00
48 247112.00
49 246819.00
50 248010.00
51 247248.00
52 253540.00
53 252106.00
54 251734.00
55 250676.00
56 253268.00
57 252822.00
58 252178.00
59 251980.00
60 250797.00
61 250456.00
62 251011.00
63 249549.00
64 249372.00
65 250698.00
66 250032.00
67 249355.00
68 250182.00
69 249533.00
70 249837.00
71 248663.00
72 252497.00
73 251216.00
74 250079.00
75 248927.00
76 248013.00
77 248123.00
78 246905.00
79 245786.00
80 246870.00
81 247392.00
82 246178.00
83 247328.00
84 245879.00
85 244986.00
86 245790.00
87 244654.00
88 244965.00
89 253780.00
90 308026.00
91 306804.00
92 306390.00
93 305222.00
94 304193.00
95 305557.00
96 305404.00
97 304978.00
98 305355.00
99 304371.00
100 303221.00
101 303268.00
102 304127.00
103 302755.00
104 304013.00
105 302575.00
106 301404.00
107 302023.00
108 300629.00
109 302677.00
110 302247.00
111 301125.00
112 300401.00
113 301220.00
114 301263.00
115 300128.00
116 298942.00
117 298549.00
118 299596.00
119 299725.00
120 298509.00
121 298852.00
122 297702.00
123 296555.00
124 296102.00
125 296173.00
126 296800.00
127 297025.00
128 296136.00
129 297962.00
130 296572.00
131 295568.00
132 294162.00
133 295115.00
134 293666.00
135 303728.00
136 303991.00
137 303959.00
138 306512.00
139 305247.00
140 303793.00
141 303389.00
142 303681.00
143 303260.00
144 301748.00
145 303180.00
146 301625.00
147 300670.00
148 304502.00
149 303219.00
150 302050.00
151 303349.00
152 302371.00
153 300924.00
154 301075.00
155 301620.00
156 301824.00
157 301860.00
158 300763.00
159 299708.00
160 300746.00
161 299750.00
162 298651.00
163 301934.00
164 300394.00
165 300237.00
166 300546.00
167 299317.00
168 301219.00
169 299745.00
170 299162.00
171 302495.00
172 301528.00
173 300073.00
174 298911.00
175 301385.00
176 299897.00
177 302014.00
178 299536.00
179 299343.00
180 300342.00
181 299435.00
182 299038.00
183 298254.00
184 296808.00
185 296651.00
186 298469.00
187 298239.00
188 297258.00
189 297124.00
190 295651.00
191 294437.00
192 294496.00
193 293821.00
194 292828.00
195 293160.00
196 293148.00
197 292047.00
198 291787.00
199 290602.00
200 290643.00
201 291928.00
202 290709.00
203 290031.00
204 290090.00
205 288958.00
206 287470.00
207 287438.00
208 287508.00
209 289543.00
210 293294.00
211 291846.00
212 291919.00
213 292772.00
214 291539.00
215 291047.00
216 291600.00
217 290666.00
218 289677.00
219 289782.00
220 288800.00
221 287626.00
222 286431.00
223 286501.00
224 285359.00
225 285332.00
226 284886.00
227 285178.00
228 284978.00
229 283787.00
230 282727.00
231 282255.00
232 280719.00
233 279517.00
234 279545.00
235 278114.00
236 276931.00
237 275589.00
238 275330.00
239 274367.00
240 274137.00
241 272801.00
242 271802.00
243 270580.00
244 269232.00
245 269673.00
246 269223.00
247 269046.00
248 267819.00
249 266440.00
250 265467.00
251 265023.00
252 265299.00
253 265615.00
254 264148.00
255 263470.00
256 263134.00
257 261551.00
258 260347.00
259 260670.00
260 259483.00
261 259046.00
262 259652.00
263 258166.00
264 257218.00
265 255784.00
266 255320.00
267 259919.00
268 259337.00
269 257915.00
270 258947.00
271 257470.00
272 256362.00
273 256601.00
274 255160.00
275 253983.00
276 253558.00
277 253597.00
278 252164.00
279 251243.00
280 249795.00
281 248877.00
282 255893.00
283 254291.00
284 253629.00
285 253188.00
286 252731.00
287 251321.00
288 250831.00
289 249649.00
290 248941.00
291 247810.00
292 246375.00
293 247663.00
294 247499.00
295 245999.00
296 246787.00
297 246076.00
298 253744.00
299 252607.00
300 251130.00
301 250729.00
302 249830.00
303 248397.00
304 247112.00
305 246730.00
306 249954.00
307 249207.00
308 247709.00
309 247067.00
310 245918.00
311 244555.00
312 246496.00
313 246286.00
314 247580.00
315 247383.00
316 246197.00
317 245063.00
318 245774.00
319 244329.00
320 244643.00
321 248115.00
322 246647.00
323 245494.00
324 247037.00
325 251817.00
326 251533.00
327 251841.00
328 250648.00
329 250964.00
330 251989.00
331 251492.00
332 251099.00
333 250628.00
334 250408.00
335 248950.00
336 249263.00
337 251789.00
338 250808.00
339 249674.00
340 251268.00
341 250748.00
342 250388.00
343 251126.00
344 249932.00
345 248440.00
346 248003.00
347 246829.00
348 247848.00
349 246679.00
350 245929.00
351 246997.00
352 248021.00
353 246863.00
354 245651.00
355 246502.00
356 244990.00
357 244555.00
358 244835.00
359 245336.00
360 246171.00
361 245691.00
362 244716.00
363 244566.00
364 244554.00
365 246613.00
366 245653.00
367 245457.00
368 244251.00
369 244563.00
370 244102.00
371 247371.00
372 246194.00
373 246428.00
374 246002.00
375 244579.00
376 246839.00
377 245943.00
378 245471.00
379 247574.00
380 246174.00
381 245561.00
382 244894.00
383 245433.00
384 246016.00
385 245112.00
386 246349.00
387 246100.00
388 245173.00
389 244695.00
390 246972.00
391 245445.00
392 244720.00
393 244744.00
394 244312.00
395 245614.00
396 252324.00
397 251883.00
398 251121.00
399 250410.00
400 249458.00
401 248346.00
402 249795.00
403 248649.00
404 247939.00
405 247535.00
406 252202.00
407 251261.00
408 249817.00
409 249392.00
410 251146.00
411 249708.00
412 248475.00
413 247798.00
414 246915.00
415 247197.00
416 245990.00
417 244570.00
418 245113.00
419 245647.00
420 244471.00
421 247011.00
422 246315.00
423 245821.00
424 246110.00
425 244910.00
426 244963.00
427 244774.00
428 245536.00
429 250967.00
430 249787.00
431 248632.00
432 247402.00
433 247458.00
434 247354.00
435 247306.00
436 245872.00
437 244637.00
438 371742.00
439 383451.00
440 382740.00
441 381368.00
442 380462.00
443 378949.00
444 377750.00
445 377387.00
446 377386.00
447 375911.00
448 375497.00
449 374558.00
450 375312.00
451 374409.00
452 372938.00
453 372852.00
454 371578.00
455 370142.00
456 369877.00
457 369199.00
458 368524.00
459 367067.00
460 365932.00
461 364477.00
462 363560.00
463 364079.00
464 362868.00
465 361413.00
466 360520.00
467 359124.00
468 363596.00
469 362380.00
470 360901.00
471 361592.00
472 360506.00
473 359997.00
474 364993.00
475 364558.00
476 363101.00
477 362667.00
478 362293.00
479 362518.00
480 361042.00
481 359962.00
482 359430.00
483 359055.00
484 359517.00
485 358136.00
486 357654.00
487 361008.00
488 360691.00
489 359749.00
490 359511.00
491 358349.00
492 357155.00
493 357202.00
494 356025.00
495 355100.00
496 356109.00
497 354657.00
498 353656.00
499 353516.00
500 352096.00
501 351662.00
502 350457.00
503 351974.00
504 350827.00
505 350437.00
506 348938.00
507 347745.00
508 348339.00
509 348312.00
510 347230.00
511 345970.00
512 344756.00
513 343579.00
514 344850.00
515 346240.00
516 344969.00
517 343507.00
518 342566.00
519 341632.00
520 341425.00
521 340023.00
522 342242.00
523 341038.00
524 340422.00
525 340463.00
526 342255.00
527 343055.00
528 348001.00
529 350479.00
530 349619.00
531 351628.00
532 351348.00
533 349923.00
534 349418.00
535 348543.00
536 347797.00
537 346872.00
538 348926.00
539 347480.00
540 347265.00
541 346309.00
542 344934.00
543 343693.00
544 344789.00
545 344569.00
546 344598.00
547 343385.00
548 342431.00
549 340959.00
550 341244.00
551 340590.00
552 341677.00
553 340663.00
554 340260.00
555 341040.00
556 339944.00
557 339355.00
558 339921.00
559 350892.00
560 351835.00
561 350699.00
562 349705.00
563 348243.00
564 348097.00
565 351346.00
566 350385.00
567 349420.00
568 347978.00
569 347115.00
570 345613.00
571 344436.00
572 342975.00
573 342026.00
574 340858.00
575 339418.00
576 341450.00
577 343443.00
578 342002.00
579 341079.00
580 339605.00
581 338472.00
582 337292.00
583 336097.00
584 336867.00
585 335920.00
586 334798.00
587 333531.00
588 333074.00
589 331660.00
590 332318.00
591 331489.00
592 330338.00
593 330111.00
594 331177.00
595 333236.00
596 335940.00
597 334995.00
598 333551.00
599 332583.00
600 331204.00
601 331186.00
602 331040.00
603 330791.00
604 330348.00
605 329165.00
606 328725.00
607 330744.00
608 329817.00
609 331557.00
610 330153.00
611 328924.00
612 327499.00
613 330268.00
614 329073.00
615 329970.00
616 328436.00
617 327236.00
618 326067.00
619 325913.00
620 324441.00
621 327433.00
622 326466.00
623 325318.00
624 323906.00
625 323579.00
626 322705.00
627 323315.00
628 325024.00
629 323796.00
630 322657.00
631 321344.00
632 320977.00
633 321036.00
634 319878.00
635 320694.00
636 319456.00
637 319256.00
638 318066.00
639 317879.00
640 317641.00
641 316457.00
642 317015.00
643 317848.00
644 326275.00
645 330985.00
646 330973.00
647 330577.00
648 329340.00
649 327872.00
650 327030.00
651 327786.00
652 326877.00
653 333398.00
654 332314.00
655 332588.00
656 332164.00
657 331449.00
658 331277.00
659 331603.00
660 330165.00
661 330122.00
662 331711.00
663 330400.00
664 330129.00
665 330810.00
666 330119.00
667 328955.00
668 328532.00
669 328054.00
670 326601.00
671 326687.00
672 326241.00
673 327809.00
674 326989.00
675 325826.00
676 326393.00
677 325314.00
678 325017.00
679 324288.00
680 323120.00
681 324718.00
682 323226.00
683 322231.00
684 321310.00
685 320412.00
686 319195.00
687 318739.00
688 319270.00
689 319038.00
690 317652.00
691 316491.00
692 315272.00
693 314635.00
694 313661.00
695 312212.00
696 311974.00
697 312581.00
698 311352.00
699 309890.00
700 309033.00
701 307804.00
702 307310.00
703 306828.00
704 305683.00
705 304747.00
706 303686.00
707 302334.00
708 302433.00
709 302225.00
710 306524.00
711 306947.00
712 307252.00
713 306078.00
714 304983.00
715 303485.00
716 303225.00
717 301847.00
718 303364.00
719 302202.00
720 300744.00
721 300984.00
722 300567.00
723 299332.00
724 298873.00
725 299502.00
726 302785.00
727 321614.00
728 320669.00
729 319428.00
730 317881.00
731 316734.00
732 315346.00
733 316136.00
734 315945.00
735 315026.00
736 314408.00
737 313046.00
738 312717.00
739 311782.00
740 311311.00
741 311079.00
742 310152.00
743 309290.00
744 308009.00
745 306611.00
746 314366.00
747 313875.00
748 312442.00
749 311493.00
750 311858.00
751 310843.00
752 309448.00
753 310204.00
754 309730.00
755 308518.00
756 308122.00
757 310632.00
758 309173.00
759 307989.00
760 306527.00
761 307165.00
762 305862.00
763 307459.00
764 306060.00
765 304800.00
766 303368.00
767 302859.00
768 301983.00
769 301479.00
770 300974.00
771 301833.00
772 300393.00
773 299941.00
774 298731.00
775 297377.00
776 296391.00
777 294960.00
778 294485.00
779 294635.00
780 293376.00
781 291931.00
782 291058.00
783 289558.00
784 288403.00
785 287508.00
786 286483.00
787 287563.00
788 287551.00
789 286121.00
790 285697.00
791 285464.00
792 284490.00
793 283640.00
794 282645.00
795 281225.00
796 280044.00
797 279101.00
798 277916.00
799 277704.00
800 278296.00
801 277872.00
802 276609.00
803 275201.00
804 274305.00
805 272812.00
806 271622.00
807 272638.00
808 272180.00
809 271255.00
810 271044.00
811 269602.00
812 268405.00
813 267968.00
814 266753.00
815 268072.00
816 267628.00
817 266177.00
818 264955.00
819 263811.00
820 263589.00
821 262435.00
822 260952.00
823 262031.00
824 260852.00
825 259618.00
826 259454.00
827 257948.00
828 257088.00
829 255596.00
830 254437.00
831 255038.00
832 254987.00
833 254115.00
834 252700.00
835 251456.00
836 249993.00
837 249145.00
838 249568.00
839 249457.00
840 248212.00
841 246811.00
842 246112.00
843 244656.00
844 245203.00
845 244970.00
846 246229.00
847 246219.00
848 244880.00
849 244948.00
850 245440.00
851 245241.00
852 244748.00
853 245310.00
854 244588.00
855 244936.00
856 245434.00
857 244762.00
858 244919.00
859 245594.00
860 244849.00
861 246187.00
862 245177.00
863 245244.00
864 244786.00
865 245330.00
866 244615.00
867 247134.00
868 247165.00
869 247188.00
870 246062.00
871 246619.00
872 246154.00
873 247154.00
874 247322.00
875 247507.00
876 247789.00
877 247838.00
878 247351.00
879 248629.00
880 247251.00
881 246772.00
882 245544.00
883 247332.00
884 246178.00
885 246827.00
886 246538.00
887 245542.00
888 248622.00
889 248393.00
890 250282.00
891 250375.00
892 250911.00
893 249479.00
894 255450.00
895 254862.00
896 254794.00
897 253707.00
898 253889.00
899 253645.00
900 253500.00
901 252580.00
902 252349.00
903 250933.00
904 249960.00
905 250003.00
906 250029.00
907 248642.00
908 253855.00
909 254156.00
910 253003.00
911 252999.00
912 253044.00
913 252569.00
914 252643.00
915 251638.00
916 250292.00
917 250570.00
918 249617.00
919 248155.00
920 253863.00
921 252758.00
922 251489.00
923 250277.00
924 249152.00
925 248693.00
926 248314.00
927 247030.00
928 248254.00
929 252751.00
930 251779.00
931 251577.00
932 251405.00
933 251212.00
934 250038.00
935 250300.00
936 251839.00
937 250679.00
938 250206.00
939 249538.00
940 249321.00
941 248329.00
942 247681.00
943 248226.00
944 246754.00
945 246335.00
946 245831.00
947 249185.00
948 248215.00
949 250449.00
950 250685.00
951 250549.00
952 249370.00
953 249881.00
954 248451.00
955 247547.00
956 248066.00
957 247594.00
958 249468.00
959 248677.00
960 247481.00
961 246530.00
962 245127.00
963 244889.00
964 244702.00
965 244989.00
966 244728.00
967 257168.00
968 255678.00
969 254731.00
970 253282.00
971 252125.00
972 251172.00
973 251485.00
974 250324.00
975 249360.00
976 248117.00
977 246783.00
978 245812.00
979 244329.00
980 246031.00
981 245884.00
982 244588.00
983 245522.00
984 245064.00
985 245121.00
986 244453.00
987 244458.00
988 245235.00
989 246256.00
990 245074.00
991 245369.00
992 245445.00
993 244758.00
994 244538.00
995 244810.00
996 245822.00
997 246360.00
998 245183.00
999 244726.00
