4000
0 518375.00
1 517856.00
2 517959.00
3 517350.00
4 517665.00
5 517681.00
6 517457.00
7 518067.00
8 518111.00
9 527453.00
10 525883.00
11 524718.00
12 523543.00
13 522299.00
14 521017.00
15 525573.00
16 524306.00
17 523803.00
18 522343.00
19 521094.00
20 519852.00
21 519450.00
22 518280.00
23 516765.00
24 517556.00
25 520814.00
26 519265.00
27 518795.00
28 517822.00
29 521749.00
30 521105.00
31 525845.00
32 524331.00
33 523185.00
34 521656.00
35 521432.00
36 520399.00
37 519011.00
38 522253.00
39 526295.00
40 525465.00
41 524043.00
42 522782.00
43 521519.00
44 520327.00
45 519084.00
46 517665.00
47 517131.00
48 517023.00
49 517168.00
50 517252.00
51 518747.00
52 519437.00
53 518219.00
54 518875.00
55 517330.00
56 517394.00
57 517364.00
58 517115.00
59 517071.00
60 530469.00
61 529575.00
62 528283.00
63 526814.00
64 525856.00
65 524359.00
66 524221.00
67 523632.00
68 522457.00
69 520967.00
70 522800.00
71 521291.00
72 520333.00
73 520321.00
74 520433.00
75 519192.00
76 519208.00
77 517731.00
78 517239.00
79 517321.00
80 517042.00
81 517733.00
82 517288.00
83 517100.00
84 517249.00
85 517221.00
86 517624.00
87 516932.00
88 517427.00
89 518233.00
90 517226.00
91 517289.00
92 516761.00
93 517569.00
94 517515.00
95 517687.00
96 517621.00
97 517431.00
98 516734.00
99 517817.00
100 520211.00
101 518767.00
102 518480.00
103 517786.00
104 517521.00
105 517115.00
106 517343.00
107 517356.00
108 517103.00
109 517631.00
110 517643.00
111 516899.00
112 517498.00
113 517527.00
114 517062.00
115 517498.00
116 517277.00
117 517104.00
118 517062.00
119 517485.00
120 517536.00
121 517071.00
122 518154.00
123 517341.00
124 517049.00
125 517210.00
126 516972.00
127 517213.00
128 518000.00
129 517502.00
130 517308.00
131 517500.00
132 517601.00
133 517829.00
134 517711.00
135 518030.00
136 517079.00
137 517136.00
138 517387.00
139 517699.00
140 517972.00
141 518027.00
142 517734.00
143 517574.00
144 517299.00
145 517142.00
146 517863.00
147 518821.00
148 518663.00
149 517137.00
150 517193.00
151 516988.00
152 517529.00
153 517037.00
154 518857.00
155 526109.00
156 524512.00
157 523253.00
158 521824.00
159 521356.00
160 521151.00
161 520209.00
162 519313.00
163 518564.00
164 517852.00
165 517626.00
166 518646.00
167 518198.00
168 525744.00
169 526121.00
170 530631.00
171 529039.00
172 530121.00
173 528601.00
174 528839.00
175 540031.00
176 539190.00
177 538771.00
178 537523.00
179 540325.00
180 538830.00
181 537777.00
182 537867.00
183 538103.00
184 537212.00
185 535689.00
186 534506.00
187 533259.00
188 532865.00
189 531548.00
190 530323.00
191 529936.00
192 529416.00
193 528161.00
194 526982.00
195 525662.00
196 524290.00
197 523098.00
198 521815.00
199 521493.00
200 520534.00
201 519485.00
202 518048.00
203 518070.00
204 517340.00
205 517376.00
206 517476.00
207 517465.00
208 517233.00
209 517761.00
210 517566.00
211 517140.00
212 517296.00
213 517099.00
214 517130.00
215 517691.00
216 519203.00
217 517846.00
218 517026.00
219 516836.00
220 518395.00
221 518334.00
222 517376.00
223 517418.00
224 518393.00
225 516939.00
226 517742.00
227 518174.00
228 519505.00
229 518632.00
230 517331.00
231 517886.00
232 517381.00
233 517932.00
234 517180.00
235 517469.00
236 517702.00
237 517643.00
238 517559.00
239 517826.00
240 517539.00
241 517459.00
242 517293.00
243 517511.00
244 517295.00
245 517016.00
246 517391.00
247 517356.00
248 517824.00
249 517638.00
250 517447.00
251 516998.00
252 518794.00
253 517998.00
254 517766.00
255 517105.00
256 516881.00
257 517408.00
258 518194.00
259 517218.00
260 516973.00
261 517030.00
262 518355.00
263 516918.00
264 517603.00
265 517650.00
266 517697.00
267 517392.00
268 517472.00
269 517239.00
270 522679.00
271 521190.00
272 519963.00
273 521354.00
274 526266.00
275 525237.00
276 523737.00
277 522422.00
278 521228.00
279 519985.00
280 518718.00
281 517260.00
282 517256.00
283 517578.00
284 517123.00
285 517417.00
286 517191.00
287 517000.00
288 517328.00
289 517297.00
290 517113.00
291 521018.00
292 519546.00
293 518559.00
294 517164.00
295 516905.00
296 517000.00
297 517510.00
298 517010.00
299 517820.00
300 520918.00
301 520546.00
302 519120.00
303 518146.00
304 517967.00
305 517469.00
306 517726.00
307 517448.00
308 516987.00
309 517273.00
310 517345.00
311 518266.00
312 517510.00
313 517082.00
314 517070.00
315 517324.00
316 517380.00
317 517085.00
318 517153.00
319 517267.00
320 516977.00
321 517290.00
322 517292.00
323 517070.00
324 517334.00
325 517162.00
326 516907.00
327 517403.00
328 526052.00
329 524557.00
330 523709.00
331 523273.00
332 521911.00
333 521496.00
334 525537.00
335 523976.00
336 522851.00
337 522345.00
338 520986.00
339 520196.00
340 518720.00
341 518796.00
342 517829.00
343 517588.00
344 517362.00
345 516887.00
346 517122.00
347 524110.00
348 522618.00
349 522429.00
350 521444.00
351 519965.00
352 519024.00
353 517565.00
354 517044.00
355 517307.00
356 517043.00
357 521959.00
358 521758.00
359 520549.00
360 519078.00
361 518132.00
362 517672.00
363 517763.00
364 517755.00
365 517782.00
366 517572.00
367 518359.00
368 519984.00
369 518280.00
370 517108.00
371 517164.00
372 517425.00
373 518292.00
374 517721.00
375 517479.00
376 522497.00
377 522928.00
378 523397.00
379 522189.00
380 520786.00
381 522325.00
382 522257.00
383 521472.00
384 521838.00
385 520552.00
386 519348.00
387 518180.00
388 518855.00
389 519873.00
390 521183.00
391 529793.00
392 528600.00
393 528909.00
394 527422.00
395 529193.00
396 527988.00
397 528353.00
398 526782.00
399 525611.00
400 524069.00
401 527028.00
402 525652.00
403 525908.00
404 525730.00
405 527228.00
406 525796.00
407 525819.00
408 527359.00
409 525862.00
410 525687.00
411 524398.00
412 524423.00
413 523042.00
414 525025.00
415 525106.00
416 524126.00
417 522627.00
418 525014.00
419 524022.00
420 522510.00
421 522519.00
422 521497.00
423 520061.00
424 518861.00
425 517439.00
426 517229.00
427 517216.00
428 516937.00
429 517050.00
430 519535.00
431 518233.00
432 517577.00
433 517337.00
434 517649.00
435 517653.00
436 517576.00
437 517753.00
438 517502.00
439 517478.00
440 517508.00
441 517864.00
442 517373.00
443 517652.00
444 517437.00
445 517506.00
446 518008.00
447 517480.00
448 519758.00
449 518345.00
450 518383.00
451 518105.00
452 517685.00
453 521684.00
454 520652.00
455 519652.00
456 519201.00
457 519472.00
458 518964.00
459 522005.00
460 521723.00
461 520800.00
462 519345.00
463 519136.00
464 518117.00
465 517724.00
466 518043.00
467 517599.00
468 517821.00
469 517537.00
470 517366.00
471 520217.00
472 518653.00
473 517626.00
474 517640.00
475 517448.00
476 517338.00
477 517747.00
478 517248.00
479 517057.00
480 517545.00
481 520847.00
482 519526.00
483 519558.00
484 534587.00
485 532951.00
486 531997.00
487 530824.00
488 529612.00
489 528297.00
490 528172.00
491 526968.00
492 526766.00
493 527072.00
494 525809.00
495 526544.00
496 527826.00
497 527640.00
498 527189.00
499 527008.00
500 525791.00
501 526281.00
502 525178.00
503 523864.00
504 528160.00
505 528121.00
506 526662.00
507 527434.00
508 525904.00
509 525250.00
510 525047.00
511 523558.00
512 522592.00
513 523363.00
514 522132.00
515 520740.00
516 522191.00
517 520751.00
518 520382.00
519 522272.00
520 521129.00
521 525955.00
522 525884.00
523 527128.00
524 526715.00
525 525280.00
526 524089.00
527 522643.00
528 523417.00
529 522696.00
530 521554.00
531 523371.00
532 521894.00
533 520908.00
534 519539.00
535 518221.00
536 516863.00
537 516867.00
538 517199.00
539 516944.00
540 517732.00
541 517807.00
542 517356.00
543 517443.00
544 518187.00
545 522495.00
546 520940.00
547 520028.00
548 518610.00
549 517655.00
550 518193.00
551 518092.00
552 517616.00
553 517896.00
554 517331.00
555 518478.00
556 519472.00
557 520478.00
558 519495.00
559 518135.00
560 517589.00
561 522388.00
562 521165.00
563 519953.00
564 519321.00
565 517907.00
566 517394.00
567 518435.00
568 517506.00
569 517527.00
570 517382.00
571 517640.00
572 519192.00
573 518693.00
574 517425.00
575 516990.00
576 517301.00
577 518392.00
578 517372.00
579 517229.00
580 524726.00
581 523599.00
582 522449.00
583 521320.00
584 521350.00
585 520417.00
586 518950.00
587 519462.00
588 518274.00
589 519136.00
590 517866.00
591 517988.00
592 517513.00
593 517043.00
594 517556.00
595 517104.00
596 517532.00
597 517470.00
598 517509.00
599 517014.00
600 517572.00
601 518635.00
602 517482.00
603 517679.00
604 517530.00
605 517262.00
606 517109.00
607 520210.00
608 581318.00
609 580869.00
610 579584.00
611 579872.00
612 579858.00
613 579049.00
614 577535.00
615 576373.00
616 576118.00
617 574689.00
618 574292.00
619 573306.00
620 571915.00
621 571471.00
622 570287.00
623 568911.00
624 567840.00
625 566423.00
626 565267.00
627 565108.00
628 563781.00
629 563170.00
630 563285.00
631 562784.00
632 563130.00
633 562628.00
634 561643.00
635 560405.00
636 559334.00
637 557839.00
638 556887.00
639 555441.00
640 554291.00
641 553843.00
642 552433.00
643 551543.00
644 551034.00
645 549885.00
646 549372.00
647 548203.00
648 546740.00
649 545757.00
650 545322.00
651 543867.00
652 542713.00
653 541262.00
654 540286.00
655 540132.00
656 538740.00
657 537543.00
658 537020.00
659 536396.00
660 535138.00
661 534198.00
662 532821.00
663 531564.00
664 531899.00
665 536239.00
666 534926.00
667 534014.00
668 534316.00
669 533214.00
670 531868.00
671 530721.00
672 529539.00
673 529139.00
674 527922.00
675 526681.00
676 526299.00
677 675220.00
678 673651.00
679 674704.00
680 673251.00
681 672413.00
682 671246.00
683 670660.00
684 672553.00
685 671258.00
686 669875.00
687 671358.00
688 669614.00
689 668432.00
690 667046.00
691 667609.00
692 666344.00
693 664917.00
694 664526.00
695 663502.00
696 662124.00
697 660911.00
698 660541.00
699 659134.00
700 658427.00
701 657154.00
702 655706.00
703 654758.00
704 761916.00
705 760316.00
706 759380.00
707 759691.00
708 759191.00
709 759556.00
710 761283.00
711 759835.00
712 758626.00
713 758224.00
714 757026.00
715 756065.00
716 754678.00
717 754174.00
718 753050.00
719 751654.00
720 750630.00
721 750305.00
722 748769.00
723 747559.00
724 747359.00
725 745853.00
726 744939.00
727 743482.00
728 743115.00
729 742617.00
730 741199.00
731 740711.00
732 739601.00
733 738178.00
734 745414.00
735 744108.00
736 742656.00
737 742261.00
738 741304.00
739 739838.00
740 738894.00
741 737449.00
742 736528.00
743 736082.00
744 734658.00
745 733457.00
746 731983.00
747 731587.00
748 731613.00
749 730434.00
750 729228.00
751 728313.00
752 727845.00
753 726403.00
754 725207.00
755 724785.00
756 723342.00
757 724600.00
758 723643.00
759 722946.00
760 721536.00
761 720350.00
762 719387.00
763 717926.00
764 717521.00
765 716440.00
766 714850.00
767 713929.00
768 712516.00
769 712574.00
770 711341.00
771 711100.00
772 709454.00
773 708999.00
774 708039.00
775 706585.00
776 705507.00
777 704003.00
778 703086.00
779 701617.00
780 700704.00
781 699509.00
782 698302.00
783 697066.00
784 695692.00
785 694709.00
786 693370.00
787 692100.00
788 690641.00
789 689751.00
790 688519.00
791 687407.00
792 686413.00
793 684946.00
794 683822.00
795 682389.00
796 681396.00
797 679957.00
798 678838.00
799 677892.00
800 676615.00
801 675184.00
802 674985.00
803 674243.00
804 673033.00
805 671885.00
806 670695.00
807 670237.00
808 668822.00
809 668412.00
810 667244.00
811 665982.00
812 665566.00
813 664594.00
814 663200.00
815 662015.00
816 660797.00
817 660306.00
818 659198.00
819 657883.00
820 656533.00
821 655596.00
822 654139.00
823 653205.00
824 652039.00
825 650846.00
826 649406.00
827 648248.00
828 647023.00
829 645861.00
830 644745.00
831 643182.00
832 642805.00
833 641868.00
834 640729.00
835 640989.00
836 639768.00
837 638318.00
838 637149.00
839 636933.00
840 635419.00
841 634300.00
842 633761.00
843 632386.00
844 631491.00
845 630278.00
846 629849.00
847 628593.00
848 627216.00
849 625996.00
850 624821.00
851 624365.00
852 623271.00
853 621775.00
854 620743.00
855 620606.00
856 619160.00
857 617980.00
858 616586.00
859 616051.00
860 614970.00
861 613742.00
862 612559.00
863 612119.00
864 612165.00
865 612702.00
866 611491.00
867 610276.00
868 609049.00
869 609194.00
870 610205.00
871 608987.00
872 610063.00
873 608831.00
874 613634.00
875 612100.00
876 612395.00
877 618198.00
878 618663.00
879 617242.00
880 616006.00
881 616860.00
882 616140.00
883 614741.00
884 614421.00
885 613468.00
886 612000.00
887 611798.00
888 610639.00
889 609162.00
890 608230.00
891 607176.00
892 605882.00
893 604920.00
894 603509.00
895 602272.00
896 600894.00
897 599911.00
898 598486.00
899 597319.00
900 596365.00
901 594986.00
902 593737.00
903 592568.00
904 591623.00
905 590176.00
906 589028.00
907 587570.00
908 586609.00
909 585387.00
910 584014.00
911 583032.00
912 581613.00
913 580509.00
914 579039.00
915 578763.00
916 577787.00
917 576403.00
918 576487.00
919 575476.00
920 574272.00
921 582530.00
922 581020.00
923 579833.00
924 578423.00
925 577472.00
926 576018.00
927 576566.00
928 575657.00
929 574945.00
930 573489.00
931 572299.00
932 571346.00
933 570415.00
934 569439.00
935 569039.00
936 567600.00
937 566351.00
938 565914.00
939 564779.00
940 563803.00
941 562352.00
942 562058.00
943 560722.00
944 559267.00
945 558369.00
946 557865.00
947 556509.00
948 555305.00
949 555233.00
950 553654.00
951 552699.00
952 551283.00
953 550783.00
954 549590.00
955 548139.00
956 549722.00
957 548493.00
958 547041.00
959 546915.00
960 545644.00
961 551596.00
962 551167.00
963 550727.00
964 549502.00
965 548562.00
966 547206.00
967 546820.00
968 545511.00
969 544311.00
970 543303.00
971 542743.00
972 541282.00
973 540086.00
974 539877.00
975 538458.00
976 537458.00
977 536829.00
978 535606.00
979 534415.00
980 533248.00
981 532530.00
982 531624.00
983 530197.00
984 528992.00
985 528017.00
986 526877.00
987 529878.00
988 529708.00
989 528693.00
990 528557.00
991 528517.00
992 527116.00
993 526187.00
994 527398.00
995 526485.00
996 525024.00
997 524535.00
998 523592.00
999 523189.00
1000 523240.00
1001 521789.00
1002 520510.00
1003 520879.00
1004 519691.00
1005 520216.00
1006 518704.00
1007 517765.00
1008 517674.00
1009 517475.00
1010 517483.00
1011 519206.00
1012 517805.00
1013 517337.00
1014 517627.00
1015 520712.00
1016 519414.00
1017 519241.00
1018 517817.00
1019 517086.00
1020 517377.00
1021 517423.00
1022 517240.00
1023 517574.00
1024 517847.00
1025 517097.00
1026 517643.00
1027 517432.00
1028 516955.00
1029 517389.00
1030 519186.00
1031 518084.00
1032 516665.00
1033 516946.00
1034 517516.00
1035 517012.00
1036 517055.00
1037 517159.00
1038 517140.00
1039 517032.00
1040 517338.00
1041 516846.00
1042 518385.00
1043 518225.00
1044 517512.00
1045 517326.00
1046 517436.00
1047 517703.00
1048 517492.00
1049 518065.00
1050 518159.00
1051 520650.00
1052 529047.00
1053 528559.00
1054 527424.00
1055 527233.00
1056 525792.00
1057 525329.00
1058 523931.00
1059 522974.00
1060 522572.00
1061 521127.00
1062 520794.00
1063 519547.00
1064 518111.00
1065 517383.00
1066 518011.00
1067 516955.00
1068 517359.00
1069 517904.00
1070 516848.00
1071 516907.00
1072 517161.00
1073 517182.00
1074 517271.00
1075 518135.00
1076 517117.00
1077 517157.00
1078 517242.00
1079 517227.00
1080 517032.00
1081 517884.00
1082 517146.00
1083 516942.00
1084 517721.00
1085 517762.00
1086 517052.00
1087 517796.00
1088 518855.00
1089 520381.00
1090 519147.00
1091 517971.00
1092 517598.00
1093 517855.00
1094 518132.00
1095 518956.00
1096 518484.00
1097 519977.00
1098 518515.00
1099 519322.00
1100 518160.00
1101 517736.00
1102 517029.00
1103 518842.00
1104 519281.00
1105 519037.00
1106 517539.00
1107 517826.00
1108 517174.00
1109 517479.00
1110 517279.00
1111 517689.00
1112 517393.00
1113 517193.00
1114 517249.00
1115 517323.00
1116 517107.00
1117 517153.00
1118 517234.00
1119 517510.00
1120 517363.00
1121 517202.00
1122 521627.00
1123 521719.00
1124 520546.00
1125 519150.00
1126 518166.00
1127 517037.00
1128 516799.00
1129 516882.00
1130 517608.00
1131 517686.00
1132 517528.00
1133 517039.00
1134 517079.00
1135 517924.00
1136 517737.00
1137 517547.00
1138 640158.00
1139 640891.00
1140 641675.00
1141 641503.00
1142 640269.00
1143 639781.00
1144 638355.00
1145 637420.00
1146 638192.00
1147 638000.00
1148 636794.00
1149 635326.00
1150 638118.00
1151 636636.00
1152 637210.00
1153 636013.00
1154 634781.00
1155 634622.00
1156 634380.00
1157 633993.00
1158 634752.00
1159 634521.00
1160 634341.00
1161 633371.00
1162 632206.00
1163 630980.00
1164 631055.00
1165 629849.00
1166 628364.00
1167 626993.00
1168 626008.00
1169 624848.00
1170 624658.00
1171 623149.00
1172 622572.00
1173 621027.00
1174 619835.00
1175 621140.00
1176 619903.00
1177 618501.00
1178 618059.00
1179 619407.00
1180 618127.00
1181 617838.00
1182 616742.00
1183 616217.00
1184 614852.00
1185 613842.00
1186 613412.00
1187 613324.00
1188 611741.00
1189 611101.00
1190 609722.00
1191 608519.00
1192 607067.00
1193 608401.00
1194 608171.00
1195 606729.00
1196 607794.00
1197 606628.00
1198 605805.00
1199 605493.00
1200 604032.00
1201 603389.00
1202 603904.00
1203 602735.00
1204 605000.00
1205 605278.00
1206 603870.00
1207 604891.00
1208 604981.00
1209 603539.00
1210 604618.00
1211 603512.00
1212 602475.00
1213 602037.00
1214 600601.00
1215 600209.00
1216 599101.00
1217 597825.00
1218 598171.00
1219 596685.00
1220 595669.00
1221 595995.00
1222 594552.00
1223 595663.00
1224 599082.00
1225 597876.00
1226 600647.00
1227 599217.00
1228 598019.00
1229 598351.00
1230 597149.00
1231 596403.00
1232 595243.00
1233 596791.00
1234 595599.00
1235 597833.00
1236 596954.00
1237 595451.00
1238 596493.00
1239 595074.00
1240 594378.00
1241 595192.00
1242 594737.00
1243 593293.00
1244 593787.00
1245 593230.00
1246 599122.00
1247 598320.00
1248 597117.00
1249 596820.00
1250 597050.00
1251 595854.00
1252 594356.00
1253 595388.00
1254 594432.00
1255 593270.00
1256 594015.00
1257 593010.00
1258 591636.00
1259 591695.00
1260 591017.00
1261 589574.00
1262 594649.00
1263 593351.00
1264 591973.00
1265 592604.00
1266 591077.00
1267 589835.00
1268 595175.00
1269 593886.00
1270 592718.00
1271 591263.00
1272 590390.00
1273 589245.00
1274 588016.00
1275 586849.00
1276 586186.00
1277 585244.00
1278 584053.00
1279 582651.00
1280 581534.00
1281 582798.00
1282 581582.00
1283 580391.00
1284 579498.00
1285 579020.00
1286 577626.00
1287 576447.00
1288 575038.00
1289 574139.00
1290 579358.00
1291 577883.00
1292 576724.00
1293 575515.00
1294 574370.00
1295 573071.00
1296 571732.00
1297 571233.00
1298 570282.00
1299 569570.00
1300 568348.00
1301 567441.00
1302 568287.00
1303 568030.00
1304 571096.00
1305 570088.00
1306 568670.00
1307 568490.00
1308 567272.00
1309 565841.00
1310 564844.00
1311 564466.00
1312 562960.00
1313 564032.00
1314 562659.00
1315 562124.00
1316 579118.00
1317 577949.00
1318 576813.00
1319 591004.00
1320 589692.00
1321 588275.00
1322 587322.00
1323 588359.00
1324 587105.00
1325 586003.00
1326 584987.00
1327 583576.00
1328 582381.00
1329 581414.00
1330 580021.00
1331 578863.00
1332 577448.00
1333 576334.00
1334 574920.00
1335 573737.00
1336 572906.00
1337 571392.00
1338 570454.00
1339 570750.00
1340 569433.00
1341 568190.00
1342 567026.00
1343 565835.00
1344 564660.00
1345 563011.00
1346 562056.00
1347 561603.00
1348 560522.00
1349 559266.00
1350 558122.00
1351 556929.00
1352 555565.00
1353 554289.00
1354 553130.00
1355 551964.00
1356 551506.00
1357 550085.00
1358 548671.00
1359 547756.00
1360 546558.00
1361 545383.00
1362 544249.00
1363 543004.00
1364 541597.00
1365 540447.00
1366 539221.00
1367 538125.00
1368 537617.00
1369 536200.00
1370 535271.00
1371 534038.00
1372 533575.00
1373 532512.00
1374 530980.00
1375 529880.00
1376 528831.00
1377 528145.00
1378 526893.00
1379 526464.00
1380 661344.00
1381 660394.00
1382 659979.00
1383 658439.00
1384 657275.00
1385 656268.00
1386 654908.00
1387 656673.00
1388 655182.00
1389 655010.00
1390 653816.00
1391 654113.00
1392 652783.00
1393 651466.00
1394 650548.00
1395 649074.00
1396 647973.00
1397 648855.00
1398 647978.00
1399 653323.00
1400 651781.00
1401 650650.00
1402 649403.00
1403 648378.00
1404 646988.00
1405 645832.00
1406 644882.00
1407 643439.00
1408 642270.00
1409 640990.00
1410 640316.00
1411 639379.00
1412 637952.00
1413 636783.00
1414 635553.00
1415 634915.00
1416 634714.00
1417 633788.00
1418 632379.00
1419 631310.00
1420 630056.00
1421 628858.00
1422 627428.00
1423 625975.00
1424 625062.00
1425 623732.00
1426 622525.00
1427 621512.00
1428 620362.00
1429 620439.00
1430 619291.00
1431 618041.00
1432 618333.00
1433 617121.00
1434 615905.00
1435 617071.00
1436 615952.00
1437 615939.00
1438 617089.00
1439 615865.00
1440 614656.00
1441 613267.00
1442 612035.00
1443 611084.00
1444 609947.00
1445 608794.00
1446 607545.00
1447 607023.00
1448 605968.00
1449 604445.00
1450 603266.00
1451 602805.00
1452 601583.00
1453 601636.00
1454 600686.00
1455 600764.00
1456 600331.00
1457 598921.00
1458 597646.00
1459 596247.00
1460 595278.00
1461 593895.00
1462 592694.00
1463 591708.00
1464 590616.00
1465 589308.00
1466 587893.00
1467 586959.00
1468 586533.00
1469 585176.00
1470 584395.00
1471 582969.00
1472 581728.00
1473 580574.00
1474 579914.00
1475 579135.00
1476 577735.00
1477 576515.00
1478 575343.00
1479 574160.00
1480 573078.00
1481 571508.00
1482 571134.00
1483 569921.00
1484 568756.00
1485 568379.00
1486 567996.00
1487 566599.00
1488 565083.00
1489 563907.00
1490 563242.00
1491 562303.00
1492 561206.00
1493 559731.00
1494 559315.00
1495 557859.00
1496 557187.00
1497 557213.00
1498 556306.00
1499 554892.00
1500 554470.00
1501 553091.00
1502 552551.00
1503 551880.00
1504 550745.00
1505 549523.00
1506 548583.00
1507 549940.00
1508 548517.00
1509 548015.00
1510 547132.00
1511 546184.00
1512 545271.00
1513 543843.00
1514 542855.00
1515 541989.00
1516 541055.00
1517 541615.00
1518 540247.00
1519 539221.00
1520 537884.00
1521 537886.00
1522 537681.00
1523 536649.00
1524 538941.00
1525 537515.00
1526 536599.00
1527 535124.00
1528 533929.00
1529 534496.00
1530 536304.00
1531 534836.00
1532 534357.00
1533 533919.00
1534 532671.00
1535 531322.00
1536 530856.00
1537 530927.00
1538 529718.00
1539 529295.00
1540 528065.00
1541 527565.00
1542 526251.00
1543 525764.00
1544 524827.00
1545 523296.00
1546 524684.00
1547 526380.00
1548 526183.00
1549 525251.00
1550 524099.00
1551 523882.00
1552 522396.00
1553 521489.00
1554 520338.00
1555 522650.00
1556 521835.00
1557 520427.00
1558 519498.00
1559 518389.00
1560 517355.00
1561 520637.00
1562 519355.00
1563 518910.00
1564 517483.00
1565 518038.00
1566 517577.00
1567 516937.00
1568 523954.00
1569 523174.00
1570 521717.00
1571 521364.00
1572 520871.00
1573 519413.00
1574 518785.00
1575 518146.00
1576 521907.00
1577 522359.00
1578 531334.00
1579 529856.00
1580 528752.00
1581 529054.00
1582 528097.00
1583 526651.00
1584 525701.00
1585 524793.00
1586 523289.00
1587 522946.00
1588 521739.00
1589 521111.00
1590 519916.00
1591 522512.00
1592 521964.00
1593 522532.00
1594 521339.00
1595 520686.00
1596 519459.00
1597 518300.00
1598 517349.00
1599 517109.00
1600 526599.00
1601 525107.00
1602 525132.00
1603 524662.00
1604 524462.00
1605 527047.00
1606 525844.00
1607 524362.00
1608 523443.00
1609 527250.00
1610 526257.00
1611 524751.00
1612 524823.00
1613 523917.00
1614 522704.00
1615 521998.00
1616 521505.00
1617 520378.00
1618 519169.00
1619 518199.00
1620 518002.00
1621 517810.00
1622 518356.00
1623 517731.00
1624 517417.00
1625 518535.00
1626 518266.00
1627 517631.00
1628 517659.00
1629 517864.00
1630 517729.00
1631 518529.00
1632 529714.00
1633 528165.00
1634 529003.00
1635 528044.00
1636 526774.00
1637 525268.00
1638 524396.00
1639 528468.00
1640 527721.00
1641 527018.00
1642 525580.00
1643 525192.00
1644 524061.00
1645 526238.00
1646 525233.00
1647 524400.00
1648 522960.00
1649 522796.00
1650 521578.00
1651 520247.00
1652 519279.00
1653 519328.00
1654 518364.00
1655 518211.00
1656 516777.00
1657 517785.00
1658 517902.00
1659 517654.00
1660 517455.00
1661 517247.00
1662 522296.00
1663 521076.00
1664 520180.00
1665 518735.00
1666 517562.00
1667 517382.00
1668 523699.00
1669 522396.00
1670 521807.00
1671 520575.00
1672 521146.00
1673 520669.00
1674 519799.00
1675 518861.00
1676 518159.00
1677 517685.00
1678 517510.00
1679 517794.00
1680 517765.00
1681 517348.00
1682 517000.00
1683 517692.00
1684 517468.00
1685 517302.00
1686 518036.00
1687 519334.00
1688 520661.00
1689 519735.00
1690 518251.00
1691 518577.00
1692 517639.00
1693 517380.00
1694 517681.00
1695 516755.00
1696 517680.00
1697 518703.00
1698 517607.00
1699 517314.00
1700 518992.00
1701 517472.00
1702 517510.00
1703 518029.00
1704 517409.00
1705 517092.00
1706 517667.00
1707 517552.00
1708 517269.00
1709 518785.00
1710 517621.00
1711 517469.00
1712 518700.00
1713 517648.00
1714 517200.00
1715 517767.00
1716 517570.00
1717 517371.00
1718 518184.00
1719 517791.00
1720 517328.00
1721 519183.00
1722 517673.00
1723 517301.00
1724 531171.00
1725 530622.00
1726 529440.00
1727 527991.00
1728 527148.00
1729 526692.00
1730 525260.00
1731 524384.00
1732 522866.00
1733 522021.00
1734 520622.00
1735 519346.00
1736 517984.00
1737 522231.00
1738 521247.00
1739 526685.00
1740 525132.00
1741 523899.00
1742 522517.00
1743 522085.00
1744 521093.00
1745 519724.00
1746 518806.00
1747 518347.00
1748 519293.00
1749 518730.00
1750 518205.00
1751 517534.00
1752 517840.00
1753 517200.00
1754 517995.00
1755 517484.00
1756 517582.00
1757 519348.00
1758 518081.00
1759 518451.00
1760 518645.00
1761 517524.00
1762 517517.00
1763 517981.00
1764 517295.00
1765 518076.00
1766 518427.00
1767 518223.00
1768 517489.00
1769 517561.00
1770 517401.00
1771 517424.00
1772 517712.00
1773 517195.00
1774 517695.00
1775 518059.00
1776 517128.00
1777 517402.00
1778 517706.00
1779 517203.00
1780 517627.00
1781 519284.00
1782 517845.00
1783 517399.00
1784 517237.00
1785 517773.00
1786 521858.00
1787 520266.00
1788 519111.00
1789 517840.00
1790 517112.00
1791 517650.00
1792 517300.00
1793 517307.00
1794 517810.00
1795 517895.00
1796 516965.00
1797 518293.00
1798 517344.00
1799 517612.00
1800 517918.00
1801 517981.00
1802 518745.00
1803 517652.00
1804 518144.00
1805 517677.00
1806 517727.00
1807 518082.00
1808 517157.00
1809 517503.00
1810 517522.00
1811 517823.00
1812 517878.00
1813 517453.00
1814 517746.00
1815 517280.00
1816 517159.00
1817 519386.00
1818 519394.00
1819 518027.00
1820 517859.00
1821 517885.00
1822 517427.00
1823 519231.00
1824 518995.00
1825 519097.00
1826 517615.00
1827 517347.00
1828 518697.00
1829 520960.00
1830 520692.00
1831 519272.00
1832 519048.00
1833 519224.00
1834 517929.00
1835 518949.00
1836 524024.00
1837 522755.00
1838 522807.00
1839 522841.00
1840 521590.00
1841 525905.00
1842 524653.00
1843 523458.00
1844 523039.00
1845 521617.00
1846 521412.00
1847 521725.00
1848 520494.00
1849 519087.00
1850 517839.00
1851 517416.00
1852 517726.00
1853 517260.00
1854 517772.00
1855 517610.00
1856 517395.00
1857 517448.00
1858 517724.00
1859 517361.00
1860 517301.00
1861 519129.00
1862 518926.00
1863 519419.00
1864 519172.00
1865 517880.00
1866 517758.00
1867 517515.00
1868 519690.00
1869 518366.00
1870 519131.00
1871 517510.00
1872 517636.00
1873 518675.00
1874 517305.00
1875 518555.00
1876 518816.00
1877 517434.00
1878 518656.00
1879 517161.00
1880 517024.00
1881 523251.00
1882 521787.00
1883 522594.00
1884 522118.00
1885 524683.00
1886 523728.00
1887 529963.00
1888 532167.00
1889 530831.00
1890 532244.00
1891 530730.00
1892 529160.00
1893 529777.00
1894 528790.00
1895 528177.00
1896 529013.00
1897 527818.00
1898 527357.00
1899 525965.00
1900 525044.00
1901 523612.00
1902 523148.00
1903 521850.00
1904 521356.00
1905 520640.00
1906 520199.00
1907 519809.00
1908 518570.00
1909 518133.00
1910 517476.00
1911 517012.00
1912 517013.00
1913 517597.00
1914 518601.00
1915 519355.00
1916 518440.00
1917 517231.00
1918 518019.00
1919 517292.00
1920 518375.00
1921 517873.00
1922 517746.00
1923 527230.00
1924 525957.00
1925 524451.00
1926 523521.00
1927 522330.00
1928 521694.00
1929 520472.00
1930 521523.00
1931 520473.00
1932 519056.00
1933 517856.00
1934 517681.00
1935 517237.00
1936 517568.00
1937 520734.00
1938 520290.00
1939 520327.00
1940 519344.00
1941 517819.00
1942 517444.00
1943 517187.00
1944 517719.00
1945 517618.00
1946 517585.00
1947 517384.00
1948 520995.00
1949 519863.00
1950 518813.00
1951 518385.00
1952 517203.00
1953 518030.00
1954 517014.00
1955 517110.00
1956 517446.00
1957 518009.00
1958 518267.00
1959 517572.00
1960 517919.00
1961 516806.00
1962 517553.00
1963 517579.00
1964 517639.00
1965 517451.00
1966 517464.00
1967 517563.00
1968 517870.00
1969 518162.00
1970 517673.00
1971 517336.00
1972 518265.00
1973 518382.00
1974 517849.00
1975 517451.00
1976 517786.00
1977 519287.00
1978 517809.00
1979 517580.00
1980 517139.00
1981 517451.00
1982 517547.00
1983 517508.00
1984 517598.00
1985 517588.00
1986 518834.00
1987 519010.00
1988 517740.00
1989 517476.00
1990 517463.00
1991 518493.00
1992 517087.00
1993 517345.00
1994 517167.00
1995 517486.00
1996 517477.00
1997 517762.00
1998 518086.00
1999 518612.00
2000 520668.00
2001 519268.00
2002 518734.00
2003 517552.00
2004 517869.00
2005 517658.00
2006 518488.00
2007 518166.00
2008 517789.00
2009 518066.00
2010 518056.00
2011 517397.00
2012 517416.00
2013 517477.00
2014 518026.00
2015 518562.00
2016 517793.00
2017 517781.00
2018 517067.00
2019 517403.00
2020 517731.00
2021 517232.00
2022 517930.00
2023 517376.00
2024 517720.00
2025 517261.00
2026 517328.00
2027 517084.00
2028 517404.00
2029 517459.00
2030 517012.00
2031 517323.00
2032 517170.00
2033 517191.00
2034 518256.00
2035 519270.00
2036 518103.00
2037 517659.00
2038 516991.00
2039 517636.00
2040 517381.00
2041 519623.00
2042 523869.00
2043 523187.00
2044 522971.00
2045 522781.00
2046 521350.00
2047 528396.00
2048 527193.00
2049 526250.00
2050 525076.00
2051 525836.00
2052 526440.00
2053 525253.00
2054 524735.00
2055 523539.00
2056 522586.00
2057 521123.00
2058 520712.00
2059 519494.00
2060 518291.00
2061 517500.00
2062 517729.00
2063 517205.00
2064 517004.00
2065 517582.00
2066 520084.00
2067 519107.00
2068 517712.00
2069 517211.00
2070 517039.00
2071 517518.00
2072 517328.00
2073 517148.00
2074 516898.00
2075 517337.00
2076 521491.00
2077 520038.00
2078 519296.00
2079 518393.00
2080 517980.00
2081 518194.00
2082 517290.00
2083 518084.00
2084 517871.00
2085 518867.00
2086 517718.00
2087 517772.00
2088 517288.00
2089 516810.00
2090 517615.00
2091 518438.00
2092 522812.00
2093 521369.00
2094 520261.00
2095 520006.00
2096 520322.00
2097 518879.00
2098 517969.00
2099 517532.00
2100 521572.00
2101 520889.00
2102 519734.00
2103 518297.00
2104 518584.00
2105 517621.00
2106 519236.00
2107 642982.00
2108 641472.00
2109 640273.00
2110 639392.00
2111 637960.00
2112 636522.00
2113 635092.00
2114 636611.00
2115 635185.00
2116 635026.00
2117 633957.00
2118 634116.00
2119 632694.00
2120 632251.00
2121 631111.00
2122 631426.00
2123 636924.00
2124 636489.00
2125 636971.00
2126 635828.00
2127 635608.00
2128 634956.00
2129 634242.00
2130 634073.00
2131 633832.00
2132 633347.00
2133 631906.00
2134 631813.00
2135 630779.00
2136 631585.00
2137 630390.00
2138 628923.00
2139 627984.00
2140 628324.00
2141 627433.00
2142 625976.00
2143 625432.00
2144 624389.00
2145 625106.00
2146 623652.00
2147 623439.00
2148 624710.00
2149 623280.00
2150 622078.00
2151 621130.00
2152 619695.00
2153 624430.00
2154 624414.00
2155 623061.00
2156 621858.00
2157 622683.00
2158 623408.00
2159 622256.00
2160 622248.00
2161 633423.00
2162 632234.00
2163 633088.00
2164 631997.00
2165 634310.00
2166 635188.00
2167 634339.00
2168 632908.00
2169 632781.00
2170 632381.00
2171 631279.00
2172 631957.00
2173 630996.00
2174 629594.00
2175 629660.00
2176 628727.00
2177 629520.00
2178 628365.00
2179 626935.00
2180 626047.00
2181 625835.00
2182 625365.00
2183 624013.00
2184 625750.00
2185 624343.00
2186 623878.00
2187 624900.00
2188 625470.00
2189 625291.00
2190 626022.00
2191 627392.00
2192 627173.00
2193 625772.00
2194 625651.00
2195 624608.00
2196 628462.00
2197 629683.00
2198 628293.00
2199 629308.00
2200 629603.00
2201 628511.00
2202 627236.00
2203 627808.00
2204 626935.00
2205 627714.00
2206 627734.00
2207 627186.00
2208 627744.00
2209 627275.00
2210 626108.00
2211 626904.00
2212 626453.00
2213 625981.00
2214 626353.00
2215 626024.00
2216 624652.00
2217 624673.00
2218 629476.00
2219 628207.00
2220 628721.00
2221 627271.00
2222 626886.00
2223 626920.00
2224 625984.00
2225 624833.00
2226 623342.00
2227 622403.00
2228 620976.00
2229 619758.00
2230 618324.00
2231 617629.00
2232 616277.00
2233 615041.00
2234 614115.00
2235 612746.00
2236 611427.00
2237 610002.00
2238 609090.00
2239 607693.00
2240 606455.00
2241 604984.00
2242 605832.00
2243 606110.00
2244 605719.00
2245 605361.00
2246 603955.00
2247 605758.00
2248 604280.00
2249 603600.00
2250 602214.00
2251 601008.00
2252 599866.00
2253 598667.00
2254 597493.00
2255 596147.00
2256 595112.00
2257 593757.00
2258 592566.00
2259 591141.00
2260 590479.00
2261 590133.00
2262 588677.00
2263 589688.00
2264 588217.00
2265 587298.00
2266 586157.00
2267 584782.00
2268 583483.00
2269 583096.00
2270 582134.00
2271 580932.00
2272 580313.00
2273 579102.00
2274 578007.00
2275 576857.00
2276 576368.00
2277 574886.00
2278 573795.00
2279 572785.00
2280 572120.00
2281 571198.00
2282 570764.00
2283 568995.00
2284 569473.00
2285 568028.00
2286 567002.00
2287 566196.00
2288 564966.00
2289 564309.00
2290 562916.00
2291 562434.00
2292 561970.00
2293 560551.00
2294 561117.00
2295 559700.00
2296 559482.00
2297 558266.00
2298 557057.00
2299 556148.00
2300 555737.00
2301 554256.00
2302 553086.00
2303 551620.00
2304 550705.00
2305 549254.00
2306 548040.00
2307 546892.00
2308 545661.00
2309 544720.00
2310 543309.00
2311 542402.00
2312 540991.00
2313 540525.00
2314 539258.00
2315 537836.00
2316 538250.00
2317 539180.00
2318 538054.00
2319 538202.00
2320 538798.00
2321 542726.00
2322 541493.00
2323 540059.00
2324 539429.00
2325 537947.00
2326 536773.00
2327 536378.00
2328 534924.00
2329 534042.00
2330 532825.00
2331 531455.00
2332 530492.00
2333 530554.00
2334 529318.00
2335 529192.00
2336 528966.00
2337 527743.00
2338 526308.00
2339 526416.00
2340 525979.00
2341 524849.00
2342 523354.00
2343 522466.00
2344 521242.00
2345 520032.00
2346 518925.00
2347 519651.00
2348 518743.00
2349 518802.00
2350 518144.00
2351 518950.00
2352 519082.00
2353 517847.00
2354 517894.00
2355 517407.00
2356 517013.00
2357 517310.00
2358 517394.00
2359 517106.00
2360 518209.00
2361 517439.00
2362 517267.00
2363 517294.00
2364 518838.00
2365 529973.00
2366 528980.00
2367 527529.00
2368 526290.00
2369 526895.00
2370 525720.00
2371 524563.00
2372 524061.00
2373 522853.00
2374 521439.00
2375 520266.00
2376 520138.00
2377 518858.00
2378 517680.00
2379 517940.00
2380 517808.00
2381 518288.00
2382 517882.00
2383 518476.00
2384 517694.00
2385 522759.00
2386 521201.00
2387 520757.00
2388 519560.00
2389 518382.00
2390 517720.00
2391 517552.00
2392 517911.00
2393 518384.00
2394 517449.00
2395 517425.00
2396 517567.00
2397 519233.00
2398 526002.00
2399 525212.00
2400 523995.00
2401 535004.00
2402 533499.00
2403 532799.00
2404 531624.00
2405 530205.00
2406 529269.00
2407 527896.00
2408 527959.00
2409 526996.00
2410 532071.00
2411 530553.00
2412 529723.00
2413 528432.00
2414 527078.00
2415 526633.00
2416 525832.00
2417 524256.00
2418 523149.00
2419 523654.00
2420 523653.00
2421 522473.00
2422 524092.00
2423 523146.00
2424 521670.00
2425 524276.00
2426 529523.00
2427 528475.00
2428 529332.00
2429 528121.00
2430 527915.00
2431 526533.00
2432 528128.00
2433 526660.00
2434 525818.00
2435 525194.00
2436 523726.00
2437 522540.00
2438 521139.00
2439 520169.00
2440 519981.00
2441 518553.00
2442 518069.00
2443 517879.00
2444 519633.00
2445 519204.00
2446 517792.00
2447 519728.00
2448 518102.00
2449 517883.00
2450 518220.00
2451 517957.00
2452 517035.00
2453 517666.00
2454 517444.00
2455 518687.00
2456 519589.00
2457 519013.00
2458 517572.00
2459 517128.00
2460 517501.00
2461 517465.00
2462 517488.00
2463 517295.00
2464 517553.00
2465 517120.00
2466 517433.00
2467 517915.00
2468 517238.00
2469 517909.00
2470 517641.00
2471 518184.00
2472 517955.00
2473 517736.00
2474 517575.00
2475 517893.00
2476 518459.00
2477 518420.00
2478 524294.00
2479 523307.00
2480 521886.00
2481 520624.00
2482 519790.00
2483 518871.00
2484 523541.00
2485 522286.00
2486 521394.00
2487 520066.00
2488 519257.00
2489 518076.00
2490 517888.00
2491 517459.00
2492 520020.00
2493 518582.00
2494 521802.00
2495 520433.00
2496 519334.00
2497 517619.00
2498 518170.00
2499 532102.00
2500 530537.00
2501 529682.00
2502 529268.00
2503 528353.00
2504 528063.00
2505 527574.00
2506 527477.00
2507 526488.00
2508 525061.00
2509 524206.00
2510 522686.00
2511 521419.00
2512 521017.00
2513 519634.00
2514 518858.00
2515 517929.00
2516 517801.00
2517 517296.00
2518 518140.00
2519 517885.00
2520 539699.00
2521 538614.00
2522 537461.00
2523 536996.00
2524 535768.00
2525 535319.00
2526 534622.00
2527 533433.00
2528 532991.00
2529 531787.00
2530 530595.00
2531 530406.00
2532 529014.00
2533 527749.00
2534 527534.00
2535 527395.00
2536 525925.00
2537 524739.00
2538 523264.00
2539 522438.00
2540 520969.00
2541 519691.00
2542 519137.00
2543 517586.00
2544 517669.00
2545 517993.00
2546 517020.00
2547 517316.00
2548 517070.00
2549 517562.00
2550 517584.00
2551 518424.00
2552 524693.00
2553 523902.00
2554 522491.00
2555 521781.00
2556 521141.00
2557 525206.00
2558 524196.00
2559 522969.00
2560 521979.00
2561 520861.00
2562 519548.00
2563 518430.00
2564 537929.00
2565 536674.00
2566 535255.00
2567 537397.00
2568 536116.00
2569 535648.00
2570 534467.00
2571 536555.00
2572 535087.00
2573 533929.00
2574 532955.00
2575 533436.00
2576 531875.00
2577 531020.00
2578 529508.00
2579 534054.00
2580 535296.00
2581 534133.00
2582 532957.00
2583 531486.00
2584 530632.00
2585 529276.00
2586 528000.00
2587 528183.00
2588 527003.00
2589 525547.00
2590 539020.00
2591 538049.00
2592 536600.00
2593 535600.00
2594 535950.00
2595 534797.00
2596 533237.00
2597 532439.00
2598 531894.00
2599 530494.00
2600 529219.00
2601 527845.00
2602 526884.00
2603 525662.00
2604 524494.00
2605 523533.00
2606 522611.00
2607 521711.00
2608 521219.00
2609 519945.00
2610 518622.00
2611 517122.00
2612 517692.00
2613 517996.00
2614 518031.00
2615 517871.00
2616 517843.00
2617 517970.00
2618 517405.00
2619 518018.00
2620 518003.00
2621 518381.00
2622 518364.00
2623 517610.00
2624 517610.00
2625 517852.00
2626 517680.00
2627 517499.00
2628 517306.00
2629 518096.00
2630 517661.00
2631 517730.00
2632 518755.00
2633 517847.00
2634 535695.00
2635 534651.00
2636 533286.00
2637 532074.00
2638 531422.00
2639 530283.00
2640 529567.00
2641 528100.00
2642 526950.00
2643 525765.00
2644 524581.00
2645 524135.00
2646 523713.00
2647 522376.00
2648 521101.00
2649 520017.00
2650 518802.00
2651 518541.00
2652 517414.00
2653 518736.00
2654 517539.00
2655 517313.00
2656 516968.00
2657 519497.00
2658 518438.00
2659 518047.00
2660 517389.00
2661 520967.00
2662 520444.00
2663 519972.00
2664 518972.00
2665 518338.00
2666 518362.00
2667 518888.00
2668 518691.00
2669 521667.00
2670 520481.00
2671 520030.00
2672 518582.00
2673 518210.00
2674 517696.00
2675 518535.00
2676 518595.00
2677 517602.00
2678 517683.00
2679 518193.00
2680 517739.00
2681 517545.00
2682 520044.00
2683 518542.00
2684 517674.00
2685 517707.00
2686 517460.00
2687 517510.00
2688 518061.00
2689 517892.00
2690 517667.00
2691 517693.00
2692 517503.00
2693 517270.00
2694 517601.00
2695 517628.00
2696 517526.00
2697 517692.00
2698 517510.00
2699 517283.00
2700 517577.00
2701 517236.00
2702 520866.00
2703 519389.00
2704 518731.00
2705 517260.00
2706 517192.00
2707 517155.00
2708 516913.00
2709 517285.00
2710 517317.00
2711 517851.00
2712 517718.00
2713 517226.00
2714 517062.00
2715 517859.00
2716 518599.00
2717 518444.00
2718 518212.00
2719 517534.00
2720 517986.00
2721 517698.00
2722 517745.00
2723 518031.00
2724 517862.00
2725 518384.00
2726 517492.00
2727 517585.00
2728 518078.00
2729 520492.00
2730 518952.00
2731 520117.00
2732 519767.00
2733 520079.00
2734 519930.00
2735 519717.00
2736 521078.00
2737 520315.00
2738 520365.00
2739 519842.00
2740 519653.00
2741 520489.00
2742 521034.00
2743 519764.00
2744 521573.00
2745 520830.00
2746 519958.00
2747 521720.00
2748 520184.00
2749 519999.00
2750 520345.00
2751 520298.00
2752 522360.00
2753 526175.00
2754 525490.00
2755 524177.00
2756 526191.00
2757 524757.00
2758 524381.00
2759 526913.00
2760 525637.00
2761 524171.00
2762 524509.00
2763 525028.00
2764 524027.00
2765 522937.00
2766 522719.00
2767 521570.00
2768 521408.00
2769 524069.00
2770 523056.00
2771 522901.00
2772 523249.00
2773 656884.00
2774 657069.00
2775 657384.00
2776 658375.00
2777 657154.00
2778 657593.00
2779 656386.00
2780 655131.00
2781 655982.00
2782 655504.00
2783 654307.00
2784 655628.00
2785 654173.00
2786 653038.00
2787 654076.00
2788 652844.00
2789 652487.00
2790 652225.00
2791 651025.00
2792 649877.00
2793 651048.00
2794 649772.00
2795 648571.00
2796 648932.00
2797 647652.00
2798 646500.00
2799 645087.00
2800 643935.00
2801 645280.00
2802 644013.00
2803 642362.00
2804 641138.00
2805 640687.00
2806 639546.00
2807 639072.00
2808 637904.00
2809 636502.00
2810 636051.00
2811 635126.00
2812 633917.00
2813 632743.00
2814 631354.00
2815 630104.00
2816 629423.00
2817 628188.00
2818 627001.00
2819 625545.00
2820 624623.00
2821 623182.00
2822 622256.00
2823 621158.00
2824 620039.00
2825 618638.00
2826 618303.00
2827 617516.00
2828 616290.00
2829 614891.00
2830 614127.00
2831 612757.00
2832 611326.00
2833 610388.00
2834 610061.00
2835 610313.00
2836 608861.00
2837 607816.00
2838 607132.00
2839 607418.00
2840 614178.00
2841 613232.00
2842 613250.00
2843 612785.00
2844 615938.00
2845 615018.00
2846 614292.00
2847 614644.00
2848 613206.00
2849 612213.00
2850 611782.00
2851 612326.00
2852 610808.00
2853 610418.00
2854 609380.00
2855 607718.00
2856 608295.00
2857 608339.00
2858 606910.00
2859 605989.00
2860 605785.00
2861 604375.00
2862 603161.00
2863 601756.00
2864 601364.00
2865 600886.00
2866 599408.00
2867 598740.00
2868 600064.00
2869 598912.00
2870 597805.00
2871 597544.00
2872 596894.00
2873 595476.00
2874 594570.00
2875 593101.00
2876 591932.00
2877 590504.00
2878 590155.00
2879 589351.00
2880 587961.00
2881 587571.00
2882 586353.00
2883 584984.00
2884 584005.00
2885 582573.00
2886 581484.00
2887 580344.00
2888 580057.00
2889 581133.00
2890 580918.00
2891 579440.00
2892 578592.00
2893 578024.00
2894 576646.00
2895 575461.00
2896 574048.00
2897 573074.00
2898 572937.00
2899 572456.00
2900 571011.00
2901 569801.00
2902 568343.00
2903 567566.00
2904 565957.00
2905 564801.00
2906 563351.00
2907 562421.00
2908 561179.00
2909 561987.00
2910 564829.00
2911 564797.00
2912 563895.00
2913 563954.00
2914 562488.00
2915 562347.00
2916 561345.00
2917 560831.00
2918 560971.00
2919 561213.00
2920 561242.00
2921 560743.00
2922 562338.00
2923 561144.00
2924 559722.00
2925 561849.00
2926 560428.00
2927 560776.00
2928 560692.00
2929 559047.00
2930 559777.00
2931 559896.00
2932 560836.00
2933 560511.00
2934 559558.00
2935 558371.00
2936 558484.00
2937 558038.00
2938 557095.00
2939 556662.00
2940 556764.00
2941 556039.00
2942 554877.00
2943 555992.00
2944 554974.00
2945 553766.00
2946 555093.00
2947 553846.00
2948 553428.00
2949 553700.00
2950 552539.00
2951 556657.00
2952 556097.00
2953 554663.00
2954 554744.00
2955 554784.00
2956 554803.00
2957 555893.00
2958 554457.00
2959 553250.00
2960 553018.00
2961 553845.00
2962 553953.00
2963 559244.00
2964 559284.00
2965 558039.00
2966 557842.00
2967 557574.00
2968 588077.00
2969 588704.00
2970 587222.00
2971 588529.00
2972 587118.00
2973 585942.00
2974 586714.00
2975 585780.00
2976 588362.00
2977 586909.00
2978 587082.00
2979 585914.00
2980 588460.00
2981 586980.00
2982 586075.00
2983 588834.00
2984 587842.00
2985 587008.00
2986 587234.00
2987 586031.00
2988 586569.00
2989 585404.00
2990 583956.00
2991 586395.00
2992 586270.00
2993 585008.00
2994 585136.00
2995 585124.00
2996 586275.00
2997 585192.00
2998 583734.00
2999 582572.00
3000 582364.00
3001 581141.00
3002 579980.00
3003 580382.00
3004 582168.00
3005 580759.00
3006 579567.00
3007 579114.00
3008 577842.00
3009 579602.00
3010 578573.00
3011 577090.00
3012 575953.00
3013 574463.00
3014 573337.00
3015 572173.00
3016 570959.00
3017 570872.00
3018 570590.00
3019 569427.00
3020 569514.00
3021 569369.00
3022 570367.00
3023 569292.00
3024 568456.00
3025 568034.00
3026 566841.00
3027 566158.00
3028 565237.00
3029 564093.00
3030 562876.00
3031 562229.00
3032 561315.00
3033 559864.00
3034 558683.00
3035 558033.00
3036 557067.00
3037 556630.00
3038 555676.00
3039 556334.00
3040 554794.00
3041 553829.00
3042 552651.00
3043 551203.00
3044 550013.00
3045 548760.00
3046 547575.00
3047 546134.00
3048 545425.00
3049 544012.00
3050 543577.00
3051 542363.00
3052 541900.00
3053 540466.00
3054 539209.00
3055 538053.00
3056 536886.00
3057 536428.00
3058 535278.00
3059 534306.00
3060 532902.00
3061 532623.00
3062 533254.00
3063 531766.00
3064 531346.00
3065 530837.00
3066 529410.00
3067 528525.00
3068 527001.00
3069 529339.00
3070 528107.00
3071 528668.00
3072 528458.00
3073 527254.00
3074 527005.00
3075 525843.00
3076 524648.00
3077 529276.00
3078 529714.00
3079 528226.00
3080 529725.00
3081 528725.00
3082 528209.00
3083 527809.00
3084 526901.00
3085 525954.00
3086 525537.00
3087 525083.00
3088 524435.00
3089 522692.00
3090 521576.00
3091 529559.00
3092 528049.00
3093 527184.00
3094 526214.00
3095 524764.00
3096 523633.00
3097 522141.00
3098 521282.00
3099 519812.00
3100 518628.00
3101 517191.00
3102 517752.00
3103 517592.00
3104 517865.00
3105 517850.00
3106 517604.00
3107 518009.00
3108 517813.00
3109 520338.00
3110 518863.00
3111 518463.00
3112 517550.00
3113 517670.00
3114 521427.00
3115 520456.00
3116 519998.00
3117 519574.00
3118 519661.00
3119 518130.00
3120 520747.00
3121 520473.00
3122 519182.00
3123 521805.00
3124 520275.00
3125 519179.00
3126 518418.00
3127 518036.00
3128 519083.00
3129 517600.00
3130 518262.00
3131 517650.00
3132 518705.00
3133 517282.00
3134 517857.00
3135 517622.00
3136 517400.00
3137 521432.00
3138 520914.00
3139 519479.00
3140 518580.00
3141 517378.00
3142 523676.00
3143 522612.00
3144 521676.00
3145 521726.00
3146 521529.00
3147 520629.00
3148 519701.00
3149 518670.00
3150 517836.00
3151 525989.00
3152 525521.00
3153 524006.00
3154 523808.00
3155 522584.00
3156 521915.00
3157 521406.00
3158 520449.00
3159 519039.00
3160 518117.00
3161 518704.00
3162 518529.00
3163 517530.00
3164 517642.00
3165 517417.00
3166 520224.00
3167 518437.00
3168 569853.00
3169 569414.00
3170 570173.00
3171 569716.00
3172 571233.00
3173 572023.00
3174 571587.00
3175 570148.00
3176 569008.00
3177 567610.00
3178 566652.00
3179 565496.00
3180 578710.00
3181 577902.00
3182 576711.00
3183 576082.00
3184 574582.00
3185 574236.00
3186 573000.00
3187 571599.00
3188 570640.00
3189 569239.00
3190 569803.00
3191 568585.00
3192 567496.00
3193 566232.00
3194 565313.00
3195 564812.00
3196 563352.00
3197 562185.00
3198 560736.00
3199 675928.00
3200 674643.00
3201 673200.00
3202 675248.00
3203 675727.00
3204 674559.00
3205 673075.00
3206 672703.00
3207 672231.00
3208 671371.00
3209 669901.00
3210 668662.00
3211 667212.00
3212 666777.00
3213 666114.00
3214 666906.00
3215 665722.00
3216 664313.00
3217 663305.00
3218 662890.00
3219 662039.00
3220 661027.00
3221 660581.00
3222 659418.00
3223 658143.00
3224 657226.00
3225 655782.00
3226 654591.00
3227 660387.00
3228 660057.00
3229 658692.00
3230 657441.00
3231 656018.00
3232 655060.00
3233 653786.00
3234 652482.00
3235 651501.00
3236 650593.00
3237 649627.00
3238 648430.00
3239 648466.00
3240 647039.00
3241 646124.00
3242 645953.00
3243 644532.00
3244 643602.00
3245 641858.00
3246 641716.00
3247 640760.00
3248 639061.00
3249 638396.00
3250 637264.00
3251 635833.00
3252 634874.00
3253 633385.00
3254 632203.00
3255 630859.00
3256 629912.00
3257 628490.00
3258 627010.00
3259 626127.00
3260 624862.00
3261 623928.00
3262 623245.00
3263 621846.00
3264 620932.00
3265 619497.00
3266 620593.00
3267 620889.00
3268 619385.00
3269 619957.00
3270 618808.00
3271 617660.00
3272 617688.00
3273 616241.00
3274 615085.00
3275 613620.00
3276 612676.00
3277 612594.00
3278 612519.00
3279 611142.00
3280 610131.00
3281 608722.00
3282 607441.00
3283 607226.00
3284 606020.00
3285 604842.00
3286 603646.00
3287 604465.00
3288 603071.00
3289 602556.00
3290 602148.00
3291 601908.00
3292 601432.00
3293 600216.00
3294 599798.00
3295 598595.00
3296 600001.00
3297 598957.00
3298 597701.00
3299 598279.00
3300 596830.00
3301 595621.00
3302 594437.00
3303 593218.00
3304 593233.00
3305 593916.00
3306 593352.00
3307 593906.00
3308 592683.00
3309 592242.00
3310 590695.00
3311 594502.00
3312 595559.00
3313 594395.00
3314 593157.00
3315 599992.00
3316 598456.00
3317 599261.00
3318 598306.00
3319 598148.00
3320 597049.00
3321 596586.00
3322 596097.00
3323 595615.00
3324 594455.00
3325 594021.00
3326 592620.00
3327 591615.00
3328 593431.00
3329 594188.00
3330 592754.00
3331 593592.00
3332 592234.00
3333 591730.00
3334 590591.00
3335 590385.00
3336 590339.00
3337 589180.00
3338 588260.00
3339 586856.00
3340 586691.00
3341 585482.00
3342 585550.00
3343 585095.00
3344 584917.00
3345 583551.00
3346 583555.00
3347 582570.00
3348 581063.00
3349 581960.00
3350 580444.00
3351 580007.00
3352 580557.00
3353 579363.00
3354 578130.00
3355 582995.00
3356 582489.00
3357 581324.00
3358 582032.00
3359 581325.00
3360 581605.00
3361 582158.00
3362 581953.00
3363 581012.00
3364 579552.00
3365 578378.00
3366 576964.00
3367 577515.00
3368 576274.00
3369 575334.00
3370 575370.00
3371 574034.00
3372 573031.00
3373 574396.00
3374 573874.00
3375 574509.00
3376 573219.00
3377 572231.00
3378 572789.00
3379 571291.00
3380 572101.00
3381 570869.00
3382 581154.00
3383 580146.00
3384 578710.00
3385 577387.00
3386 576209.00
3387 575330.00
3388 575084.00
3389 575409.00
3390 574200.00
3391 574500.00
3392 573195.00
3393 574127.00
3394 574939.00
3395 574001.00
3396 574923.00
3397 573628.00
3398 572170.00
3399 572534.00
3400 571307.00
3401 569939.00
3402 570709.00
3403 570015.00
3404 568869.00
3405 569658.00
3406 568700.00
3407 567259.00
3408 566894.00
3409 565676.00
3410 564558.00
3411 563588.00
3412 562449.00
3413 561029.00
3414 559795.00
3415 558345.00
3416 557467.00
3417 557039.00
3418 555868.00
3419 555429.00
3420 554485.00
3421 552984.00
3422 551909.00
3423 551588.00
3424 550972.00
3425 553298.00
3426 552011.00
3427 550858.00
3428 549705.00
3429 548777.00
3430 548293.00
3431 546810.00
3432 549369.00
3433 548658.00
3434 547519.00
3435 549474.00
3436 548326.00
3437 546810.00
3438 545648.00
3439 544527.00
3440 543308.00
3441 541832.00
3442 541026.00
3443 539743.00
3444 538248.00
3445 537008.00
3446 536891.00
3447 536195.00
3448 535234.00
3449 534004.00
3450 532611.00
3451 531455.00
3452 530318.00
3453 529831.00
3454 529316.00
3455 527898.00
3456 526962.00
3457 525797.00
3458 524523.00
3459 524148.00
3460 523706.00
3461 522194.00
3462 522041.00
3463 520882.00
3464 519406.00
3465 518502.00
3466 518041.00
3467 518206.00
3468 517701.00
3469 518068.00
3470 518030.00
3471 522757.00
3472 521079.00
3473 520736.00
3474 519819.00
3475 518324.00
3476 518940.00
3477 517700.00
3478 517482.00
3479 518564.00
3480 517543.00
3481 517570.00
3482 518088.00
3483 517716.00
3484 517607.00
3485 517934.00
3486 517966.00
3487 517476.00
3488 517729.00
3489 517307.00
3490 517346.00
3491 518918.00
3492 517665.00
3493 518585.00
3494 517571.00
3495 517344.00
3496 517192.00
3497 517175.00
3498 517475.00
3499 517533.00
3500 519077.00
3501 518327.00
3502 517148.00
3503 517386.00
3504 517465.00
3505 517316.00
3506 518695.00
3507 518145.00
3508 517941.00
3509 517886.00
3510 517994.00
3511 517719.00
3512 518084.00
3513 517617.00
3514 517841.00
3515 517982.00
3516 517482.00
3517 518969.00
3518 518675.00
3519 518099.00
3520 517896.00
3521 518550.00
3522 517252.00
3523 517059.00
3524 517846.00
3525 518416.00
3526 518161.00
3527 518775.00
3528 519233.00
3529 517753.00
3530 522651.00
3531 523599.00
3532 526098.00
3533 526355.00
3534 525169.00
3535 524905.00
3536 524601.00
3537 535376.00
3538 534144.00
3539 533543.00
3540 532483.00
3541 533361.00
3542 533164.00
3543 531939.00
3544 531818.00
3545 531614.00
3546 536668.00
3547 535258.00
3548 536701.00
3549 535212.00
3550 534074.00
3551 665539.00
3552 663930.00
3553 664340.00
3554 665343.00
3555 667378.00
3556 669415.00
3557 670278.00
3558 669677.00
3559 668330.00
3560 669753.00
3561 668139.00
3562 667049.00
3563 667525.00
3564 666320.00
3565 664628.00
3566 664918.00
3567 663757.00
3568 662410.00
3569 662896.00
3570 661598.00
3571 660582.00
3572 660899.00
3573 659440.00
3574 658464.00
3575 658502.00
3576 657601.00
3577 656248.00
3578 656222.00
3579 655272.00
3580 653734.00
3581 654562.00
3582 653065.00
3583 651897.00
3584 650480.00
3585 649536.00
3586 649650.00
3587 648144.00
3588 647219.00
3589 645982.00
3590 644855.00
3591 643958.00
3592 642452.00
3593 641271.00
3594 639816.00
3595 638900.00
3596 637569.00
3597 637243.00
3598 636340.00
3599 635138.00
3600 634426.00
3601 633473.00
3602 632313.00
3603 631579.00
3604 630674.00
3605 629199.00
3606 628012.00
3607 627871.00
3608 626924.00
3609 625605.00
3610 624296.00
3611 625179.00
3612 623786.00
3613 622614.00
3614 621426.00
3615 620084.00
3616 619101.00
3617 617406.00
3618 616226.00
3619 614768.00
3620 613864.00
3621 614159.00
3622 616928.00
3623 616288.00
3624 614789.00
3625 613614.00
3626 612472.00
3627 611324.00
3628 610105.00
3629 608909.00
3630 607730.00
3631 606301.00
3632 605094.00
3633 604055.00
3634 602840.00
3635 601612.00
3636 600148.00
3637 599273.00
3638 601519.00
3639 601302.00
3640 599932.00
3641 598987.00
3642 599123.00
3643 598368.00
3644 598898.00
3645 597506.00
3646 596361.00
3647 595619.00
3648 594362.00
3649 593038.00
3650 593352.00
3651 592792.00
3652 591360.00
3653 592417.00
3654 592911.00
3655 593956.00
3656 592980.00
3657 622507.00
3658 621155.00
3659 619693.00
3660 619986.00
3661 620046.00
3662 619120.00
3663 617956.00
3664 616550.00
3665 615810.00
3666 614366.00
3667 613182.00
3668 611730.00
3669 610790.00
3670 609311.00
3671 608158.00
3672 607169.00
3673 605735.00
3674 604588.00
3675 604112.00
3676 603686.00
3677 602493.00
3678 602001.00
3679 602837.00
3680 601888.00
3681 600430.00
3682 599238.00
3683 597844.00
3684 596887.00
3685 595882.00
3686 596250.00
3687 596274.00
3688 595804.00
3689 594266.00
3690 593379.00
3691 591931.00
3692 592060.00
3693 591323.00
3694 590127.00
3695 590191.00
3696 588728.00
3697 588761.00
3698 588092.00
3699 588428.00
3700 587734.00
3701 589760.00
3702 588584.00
3703 587415.00
3704 587263.00
3705 585815.00
3706 584915.00
3707 584699.00
3708 582974.00
3709 582376.00
3710 582137.00
3711 585635.00
3712 585678.00
3713 584532.00
3714 584825.00
3715 585383.00
3716 584384.00
3717 583239.00
3718 583818.00
3719 582366.00
3720 581436.00
3721 582650.00
3722 581746.00
3723 580547.00
3724 580399.00
3725 578965.00
3726 577965.00
3727 577829.00
3728 576329.00
3729 575942.00
3730 574686.00
3731 573784.00
3732 573396.00
3733 572173.00
3734 570742.00
3735 570277.00
3736 569090.00
3737 568374.00
3738 567453.00
3739 566991.00
3740 565582.00
3741 564520.00
3742 564932.00
3743 563661.00
3744 562245.00
3745 561312.00
3746 560708.00
3747 559403.00
3748 558986.00
3749 556774.00
3750 556639.00
3751 555939.00
3752 554477.00
3753 553330.00
3754 558084.00
3755 556536.00
3756 555371.00
3757 553954.00
3758 553697.00
3759 552822.00
3760 551307.00
3761 550134.00
3762 549668.00
3763 548258.00
3764 547178.00
3765 545787.00
3766 544631.00
3767 543687.00
3768 542279.00
3769 541318.00
3770 539964.00
3771 539011.00
3772 537548.00
3773 536139.00
3774 535671.00
3775 535797.00
3776 534310.00
3777 537177.00
3778 538713.00
3779 537223.00
3780 543048.00
3781 541457.00
3782 540583.00
3783 540920.00
3784 539428.00
3785 538956.00
3786 537606.00
3787 537432.00
3788 535976.00
3789 535010.00
3790 533585.00
3791 532720.00
3792 531760.00
3793 530304.00
3794 529131.00
3795 527651.00
3796 526800.00
3797 525348.00
3798 524134.00
3799 523796.00
3800 522337.00
3801 521388.00
3802 520138.00
3803 518920.00
3804 518227.00
3805 517809.00
3806 518077.00
3807 519870.00
3808 519388.00
3809 518396.00
3810 518030.00
3811 517787.00
3812 518595.00
3813 517887.00
3814 517681.00
3815 517465.00
3816 517721.00
3817 517825.00
3818 518521.00
3819 521578.00
3820 521096.00
3821 520435.00
3822 518950.00
3823 518535.00
3824 517564.00
3825 517882.00
3826 517443.00
3827 517704.00
3828 517887.00
3829 518547.00
3830 518068.00
3831 517597.00
3832 517688.00
3833 517742.00
3834 517511.00
3835 518906.00
3836 517331.00
3837 517650.00
3838 520643.00
3839 519548.00
3840 518421.00
3841 527872.00
3842 526908.00
3843 525525.00
3844 524360.00
3845 523362.00
3846 522235.00
3847 521063.00
3848 519661.00
3849 518693.00
3850 518490.00
3851 517806.00
3852 517559.00
3853 517423.00
3854 518037.00
3855 518257.00
3856 517631.00
3857 518607.00
3858 518145.00
3859 517702.00
3860 518226.00
3861 517854.00
3862 517917.00
3863 517761.00
3864 520760.00
3865 520262.00
3866 519567.00
3867 518111.00
3868 518135.00
3869 517739.00
3870 517582.00
3871 517625.00
3872 517398.00
3873 517517.00
3874 518057.00
3875 518110.00
3876 517650.00
3877 517694.00
3878 517200.00
3879 516985.00
3880 517726.00
3881 517556.00
3882 517304.00
3883 517607.00
3884 518352.00
3885 516908.00
3886 518016.00
3887 517995.00
3888 517600.00
3889 517861.00
3890 519142.00
3891 517987.00
3892 518749.00
3893 518064.00
3894 517818.00
3895 520097.00
3896 520114.00
3897 518659.00
3898 517512.00
3899 518029.00
3900 518132.00
3901 517918.00
3902 517417.00
3903 517717.00
3904 522455.00
3905 521195.00
3906 521136.00
3907 519839.00
3908 518420.00
3909 517470.00
3910 517495.00
3911 518283.00
3912 517827.00
3913 517621.00
3914 517417.00
3915 517752.00
3916 517309.00
3917 517442.00
3918 517791.00
3919 535842.00
3920 535961.00
3921 534698.00
3922 533326.00
3923 536855.00
3924 535582.00
3925 534414.00
3926 534213.00
3927 532782.00
3928 531835.00
3929 530490.00
3930 530055.00
3931 528861.00
3932 528412.00
3933 528449.00
3934 527296.00
3935 526178.00
3936 524706.00
3937 524243.00
3938 524777.00
3939 524361.00
3940 523163.00
3941 524013.00
3942 523355.00
3943 526079.00
3944 526862.00
3945 526629.00
3946 530232.00
3947 528951.00
3948 528856.00
3949 529583.00
3950 528460.00
3951 528024.00
3952 526696.00
3953 526863.00
3954 525590.00
3955 524401.00
3956 523216.00
3957 521996.00
3958 520583.00
3959 520441.00
3960 519483.00
3961 518978.00
3962 518263.00
3963 517678.00
3964 517856.00
3965 517963.00
3966 517499.00
3967 517280.00
3968 518835.00
3969 517657.00
3970 517421.00
3971 517480.00
3972 517380.00
3973 517293.00
3974 517371.00
3975 517345.00
3976 518908.00
3977 517643.00
3978 517283.00
3979 517075.00
3980 518471.00
3981 518888.00
3982 518930.00
3983 518955.00
3984 518769.00
3985 518779.00
3986 517615.00
3987 517407.00
3988 518413.00
3989 517766.00
3990 517664.00
3991 518836.00
3992 518249.00
3993 517360.00
3994 518155.00
3995 517673.00
3996 518007.00
3997 522609.00
3998 521077.00
3999 520248.00
