4000
0 260743.00
1 260762.00
2 262434.00
3 278706.00
4 278450.00
5 277584.00
6 276369.00
7 275984.00
8 275953.00
9 274710.00
10 276392.00
11 275780.00
12 274579.00
13 273947.00
14 273114.00
15 271559.00
16 270189.00
17 269313.00
18 268118.00
19 266933.00
20 265609.00
21 267397.00
22 266243.00
23 265202.00
24 269237.00
25 268639.00
26 267466.00
27 266323.00
28 265677.00
29 264451.00
30 263363.00
31 262244.00
32 261001.00
33 259792.00
34 260273.00
35 259778.00
36 259356.00
37 259510.00
38 259240.00
39 259393.00
40 259723.00
41 259232.00
42 259749.00
43 260851.00
44 259463.00
45 261209.00
46 261976.00
47 261138.00
48 260453.00
49 260495.00
50 259599.00
51 259324.00
52 259565.00
53 259464.00
54 260305.00
55 259829.00
56 261466.00
57 260183.00
58 259738.00
59 260260.00
60 260833.00
61 259826.00
62 259928.00
63 260065.00
64 260247.00
65 260366.00
66 260821.00
67 259846.00
68 259869.00
69 259989.00
70 259783.00
71 259830.00
72 260064.00
73 259949.00
74 259924.00
75 259928.00
76 259807.00
77 260051.00
78 259844.00
79 260601.00
80 259923.00
81 259711.00
82 259555.00
83 260036.00
84 264573.00
85 266407.00
86 264858.00
87 263936.00
88 262555.00
89 261309.00
90 260822.00
91 259706.00
92 259887.00
93 259744.00
94 259488.00
95 259905.00
96 259604.00
97 259178.00
98 260966.00
99 260460.00
100 259481.00
101 260181.00
102 259384.00
103 260201.00
104 260181.00
105 260006.00
106 260121.00
107 259886.00
108 260410.00
109 259904.00
110 260309.00
111 260029.00
112 260108.00
113 259904.00
114 260004.00
115 259912.00
116 259690.00
117 259834.00
118 260047.00
119 259960.00
120 259671.00
121 260439.00
122 259759.00
123 260501.00
124 260113.00
125 260008.00
126 259647.00
127 259745.00
128 259662.00
129 259508.00
130 259815.00
131 259944.00
132 260159.00
133 259853.00
134 259513.00
135 259249.00
136 259380.00
137 259835.00
138 259624.00
139 260114.00
140 259271.00
141 259043.00
142 259877.00
143 260185.00
144 260123.00
145 271397.00
146 269810.00
147 269436.00
148 268908.00
149 267714.00
150 267041.00
151 267869.00
152 266770.00
153 265697.00
154 265247.00
155 263819.00
156 264283.00
157 264199.00
158 262981.00
159 270523.00
160 270045.00
161 288168.00
162 287833.00
163 286309.00
164 285655.00
165 292479.00
166 290861.00
167 289635.00
168 289484.00
169 288287.00
170 287615.00
171 286187.00
172 284968.00
173 284787.00
174 284812.00
175 283472.00
176 282273.00
177 280728.00
178 279797.00
179 278372.00
180 279423.00
181 278014.00
182 276765.00
183 275651.00
184 274402.00
185 272943.00
186 272766.00
187 271809.00
188 270676.00
189 270680.00
190 269281.00
191 268321.00
192 268066.00
193 266687.00
194 265738.00
195 265514.00
196 264114.00
197 263893.00
198 263204.00
199 261752.00
200 261557.00
201 260299.00
202 259652.00
203 260505.00
204 259988.00
205 259527.00
206 261067.00
207 259852.00
208 259935.00
209 260396.00
210 259993.00
211 260489.00
212 261034.00
213 276039.00
214 275437.00
215 275780.00
216 275030.00
217 274803.00
218 274115.00
219 272930.00
220 271989.00
221 270544.00
222 269376.00
223 268178.00
224 267013.00
225 265561.00
226 264584.00
227 264185.00
228 263521.00
229 262222.00
230 262064.00
231 261665.00
232 260428.00
233 259735.00
234 259298.00
235 259363.00
236 259607.00
237 272132.00
238 272997.00
239 271618.00
240 271004.00
241 269428.00
242 268211.00
243 266759.00
244 265858.00
245 265399.00
246 263962.00
247 262829.00
248 262831.00
249 260449.00
250 259975.00
251 259790.00
252 262033.00
253 260689.00
254 260168.00
255 260215.00
256 261923.00
257 260267.00
258 259602.00
259 259907.00
260 259910.00
261 260546.00
262 259251.00
263 260066.00
264 259873.00
265 259394.00
266 259942.00
267 259515.00
268 259334.00
269 259741.00
270 259660.00
271 260095.00
272 259678.00
273 259472.00
274 259293.00
275 259619.00
276 259715.00
277 259432.00
278 259684.00
279 259516.00
280 259303.00
281 259611.00
282 259391.00
283 260280.00
284 259949.00
285 259459.00
286 260097.00
287 259336.00
288 259888.00
289 259151.00
290 259939.00
291 260234.00
292 260024.00
293 260352.00
294 259350.00
295 259765.00
296 260973.00
297 260005.00
298 260291.00
299 260359.00
300 259840.00
301 259842.00
302 260097.00
303 260303.00
304 259867.00
305 260046.00
306 259413.00
307 259487.00
308 259521.00
309 260067.00
310 259857.00
311 259579.00
312 259703.00
313 261152.00
314 261810.00
315 262272.00
316 261306.00
317 275867.00
318 274745.00
319 273230.00
320 272131.00
321 271151.00
322 269703.00
323 268600.00
324 268315.00
325 266887.00
326 265880.00
327 266081.00
328 264496.00
329 263582.00
330 262157.00
331 260931.00
332 260080.00
333 263928.00
334 262829.00
335 261334.00
336 260145.00
337 259723.00
338 259956.00
339 263464.00
340 262033.00
341 260605.00
342 263426.00
343 263283.00
344 262252.00
345 260831.00
346 259842.00
347 259959.00
348 259680.00
349 260230.00
350 260106.00
351 259849.00
352 259930.00
353 259958.00
354 260023.00
355 259755.00
356 259869.00
357 259608.00
358 259496.00
359 259962.00
360 260969.00
361 259522.00
362 261283.00
363 259837.00
364 259590.00
365 260955.00
366 259766.00
367 259513.00
368 260068.00
369 260684.00
370 260694.00
371 260383.00
372 260501.00
373 261569.00
374 260293.00
375 259635.00
376 259194.00
377 259101.00
378 260472.00
379 260035.00
380 259612.00
381 259902.00
382 259954.00
383 259748.00
384 259817.00
385 260581.00
386 260869.00
387 259688.00
388 259953.00
389 259765.00
390 260529.00
391 271100.00
392 269990.00
393 268505.00
394 267552.00
395 266392.00
396 276691.00
397 275620.00
398 274632.00
399 273191.00
400 272060.00
401 270794.00
402 269646.00
403 268210.00
404 267033.00
405 265857.00
406 264677.00
407 263421.00
408 262275.00
409 261336.00
410 259844.00
411 259665.00
412 261258.00
413 259733.00
414 259619.00
415 259730.00
416 259637.00
417 259693.00
418 259988.00
419 259571.00
420 259377.00
421 259608.00
422 259419.00
423 259414.00
424 259997.00
425 259572.00
426 260143.00
427 260677.00
428 259723.00
429 259715.00
430 260723.00
431 260545.00
432 259607.00
433 259952.00
434 259675.00
435 259707.00
436 259743.00
437 259603.00
438 260156.00
439 260706.00
440 398323.00
441 396945.00
442 396799.00
443 395543.00
444 394359.00
445 395694.00
446 394811.00
447 393199.00
448 392061.00
449 391850.00
450 390481.00
451 390244.00
452 393111.00
453 414149.00
454 414033.00
455 413055.00
456 411621.00
457 410461.00
458 408944.00
459 408077.00
460 407827.00
461 406660.00
462 405472.00
463 406811.00
464 405366.00
465 404159.00
466 405253.00
467 403965.00
468 402590.00
469 402356.00
470 401400.00
471 399908.00
472 400017.00
473 398750.00
474 397608.00
475 396372.00
476 394942.00
477 394085.00
478 393828.00
479 392639.00
480 393465.00
481 393695.00
482 393272.00
483 392579.00
484 391869.00
485 390933.00
486 391696.00
487 391515.00
488 390625.00
489 389614.00
490 389379.00
491 388726.00
492 387522.00
493 388576.00
494 389145.00
495 387674.00
496 388035.00
497 386789.00
498 385342.00
499 387139.00
500 387435.00
501 386940.00
502 385534.00
503 386326.00
504 384959.00
505 383685.00
506 385200.00
507 384029.00
508 383624.00
509 382061.00
510 381624.00
511 384448.00
512 383215.00
513 381752.00
514 383585.00
515 382081.00
516 381684.00
517 383765.00
518 382770.00
519 384013.00
520 384499.00
521 383336.00
522 382834.00
523 383689.00
524 383216.00
525 381780.00
526 381872.00
527 381247.00
528 380169.00
529 378815.00
530 378328.00
531 377415.00
532 376942.00
533 375515.00
534 374518.00
535 373112.00
536 372637.00
537 371469.00
538 370044.00
539 369812.00
540 368621.00
541 367454.00
542 366290.00
543 365825.00
544 364355.00
545 363452.00
546 361943.00
547 360790.00
548 359553.00
549 358385.00
550 357994.00
551 357751.00
552 356318.00
553 355115.00
554 353947.00
555 353488.00
556 352279.00
557 350839.00
558 349663.00
559 348630.00
560 347307.00
561 346138.00
562 344674.00
563 344044.00
564 342586.00
565 341398.00
566 340195.00
567 339016.00
568 337574.00
569 336386.00
570 335406.00
571 334719.00
572 333556.00
573 332376.00
574 331412.00
575 330273.00
576 328731.00
577 327700.00
578 326430.00
579 325267.00
580 329085.00
581 327769.00
582 326804.00
583 325609.00
584 324418.00
585 322972.00
586 321765.00
587 320585.00
588 319385.00
589 317972.00
590 317038.00
591 315864.00
592 314387.00
593 313223.00
594 312323.00
595 311105.00
596 309631.00
597 308711.00
598 307281.00
599 306211.00
600 306405.00
601 305179.00
602 303724.00
603 302602.00
604 302979.00
605 301467.00
606 300289.00
607 298785.00
608 297923.00
609 297344.00
610 296061.00
611 298450.00
612 315781.00
613 314922.00
614 313713.00
615 312444.00
616 311045.00
617 310157.00
618 308719.00
619 308235.00
620 307059.00
621 305589.00
622 304962.00
623 304596.00
624 303006.00
625 302909.00
626 302361.00
627 301679.00
628 300301.00
629 299069.00
630 297876.00
631 297391.00
632 296482.00
633 295303.00
634 298440.00
635 296875.00
636 297663.00
637 296141.00
638 300533.00
639 299683.00
640 300950.00
641 299290.00
642 298933.00
643 297916.00
644 296736.00
645 296249.00
646 295043.00
647 293580.00
648 293925.00
649 292715.00
650 291789.00
651 290369.00
652 289936.00
653 288685.00
654 287628.00
655 287887.00
656 286570.00
657 285197.00
658 284225.00
659 282923.00
660 286634.00
661 285297.00
662 284144.00
663 283153.00
664 281806.00
665 280567.00
666 279167.00
667 278188.00
668 276781.00
669 275603.00
670 274213.00
671 273194.00
672 271981.00
673 270828.00
674 269913.00
675 269452.00
676 267999.00
677 266822.00
678 265368.00
679 265186.00
680 392034.00
681 390421.00
682 389349.00
683 387791.00
684 386829.00
685 386408.00
686 384973.00
687 383788.00
688 382325.00
689 381670.00
690 380201.00
691 379049.00
692 378565.00
693 377197.00
694 376207.00
695 374749.00
696 373730.00
697 372620.00
698 371230.00
699 370092.00
700 368810.00
701 369128.00
702 368727.00
703 367479.00
704 366027.00
705 365070.00
706 363677.00
707 362481.00
708 361528.00
709 360068.00
710 359182.00
711 357684.00
712 356809.00
713 355367.00
714 354214.00
715 352715.00
716 351800.00
717 350589.00
718 349160.00
719 348218.00
720 346797.00
721 345644.00
722 344452.00
723 343475.00
724 342314.00
725 340857.00
726 339905.00
727 338484.00
728 337274.00
729 337427.00
730 335919.00
731 337048.00
732 335532.00
733 336312.00
734 336107.00
735 335141.00
736 333969.00
737 332474.00
738 331572.00
739 330124.00
740 330201.00
741 329702.00
742 328510.00
743 327852.00
744 326635.00
745 325663.00
746 325464.00
747 324072.00
748 323582.00
749 322897.00
750 322964.00
751 321542.00
752 321359.00
753 320374.00
754 318944.00
755 318748.00
756 317830.00
757 316332.00
758 315197.00
759 314463.00
760 313018.00
761 312853.00
762 311632.00
763 310216.00
764 309340.00
765 307840.00
766 306635.00
767 307230.00
768 306486.00
769 305083.00
770 303821.00
771 302424.00
772 301546.00
773 302613.00
774 301249.00
775 300331.00
776 298994.00
777 297691.00
778 296773.00
779 296591.00
780 295413.00
781 293984.00
782 293013.00
783 291597.00
784 292592.00
785 291911.00
786 291206.00
787 290265.00
788 290821.00
789 290676.00
790 289400.00
791 288208.00
792 287012.00
793 286600.00
794 286450.00
795 285380.00
796 284845.00
797 283788.00
798 282383.00
799 281906.00
800 281923.00
801 280603.00
802 279846.00
803 278909.00
804 278518.00
805 278512.00
806 277093.00
807 275922.00
808 275980.00
809 274465.00
810 273293.00
811 273591.00
812 273181.00
813 286844.00
814 287110.00
815 285992.00
816 284560.00
817 285085.00
818 283691.00
819 282522.00
820 283336.00
821 282337.00
822 281147.00
823 285322.00
824 283704.00
825 282491.00
826 282881.00
827 281591.00
828 282174.00
829 282286.00
830 283593.00
831 283234.00
832 284798.00
833 284346.00
834 283113.00
835 283168.00
836 282863.00
837 281790.00
838 281822.00
839 280414.00
840 279429.00
841 279506.00
842 278791.00
843 277386.00
844 277509.00
845 276504.00
846 275031.00
847 275562.00
848 274138.00
849 272972.00
850 273207.00
851 272032.00
852 270831.00
853 270360.00
854 268923.00
855 268018.00
856 266604.00
857 265386.00
858 264468.00
859 262997.00
860 261775.00
861 261430.00
862 260242.00
863 260565.00
864 260301.00
865 259870.00
866 260402.00
867 259841.00
868 259440.00
869 260595.00
870 260102.00
871 259912.00
872 260020.00
873 259448.00
874 260692.00
875 260272.00
876 259317.00
877 259881.00
878 259656.00
879 263728.00
880 263398.00
881 264270.00
882 261682.00
883 260627.00
884 259642.00
885 259823.00
886 259491.00
887 260590.00
888 260064.00
889 260115.00
890 260132.00
891 259927.00
892 260619.00
893 259996.00
894 263324.00
895 261801.00
896 260605.00
897 259957.00
898 259717.00
899 265261.00
900 263822.00
901 262778.00
902 262907.00
903 263302.00
904 263210.00
905 262358.00
906 261099.00
907 262133.00
908 260673.00
909 259711.00
910 259798.00
911 259802.00
912 259860.00
913 261187.00
914 259947.00
915 261219.00
916 259776.00
917 259794.00
918 265486.00
919 264114.00
920 262672.00
921 262914.00
922 261729.00
923 260596.00
924 260563.00
925 259423.00
926 260509.00
927 259721.00
928 259537.00
929 259301.00
930 260091.00
931 264864.00
932 263655.00
933 262201.00
934 261250.00
935 260281.00
936 260380.00
937 259647.00
938 261507.00
939 260481.00
940 260114.00
941 259855.00
942 262200.00
943 260664.00
944 260230.00
945 259847.00
946 259560.00
947 259846.00
948 259930.00
949 259975.00
950 259811.00
951 259915.00
952 259649.00
953 259854.00
954 259694.00
955 260280.00
956 259524.00
957 259554.00
958 259731.00
959 259806.00
960 260520.00
961 260013.00
962 259869.00
963 259385.00
964 259745.00
965 261210.00
966 259677.00
967 259492.00
968 261079.00
969 259601.00
970 260256.00
971 260818.00
972 259725.00
973 259826.00
974 259941.00
975 259461.00
976 259786.00
977 272147.00
978 270800.00
979 269381.00
980 268611.00
981 267277.00
982 266102.00
983 266343.00
984 266436.00
985 265435.00
986 265262.00
987 263820.00
988 262600.00
989 262881.00
990 261446.00
991 261010.00
992 260787.00
993 260085.00
994 259663.00
995 261944.00
996 261973.00
997 262505.00
998 263117.00
999 261847.00
1000 260663.00
1001 259466.00
1002 259735.00
1003 260003.00
1004 259579.00
1005 262823.00
1006 261898.00
1007 260446.00
1008 259240.00
1009 260333.00
1010 260587.00
1011 259914.00
1012 260916.00
1013 259703.00
1014 259275.00
1015 260799.00
1016 259347.00
1017 260167.00
1018 259973.00
1019 259483.00
1020 259336.00
1021 259325.00
1022 259717.00
1023 259404.00
1024 260835.00
1025 260282.00
1026 259313.00
1027 259431.00
1028 259392.00
1029 260171.00
1030 260050.00
1031 259802.00
1032 260146.00
1033 259906.00
1034 260228.00
1035 259510.00
1036 260123.00
1037 260102.00
1038 259908.00
1039 259675.00
1040 259981.00
1041 259948.00
1042 260026.00
1043 260092.00
1044 261097.00
1045 260890.00
1046 259935.00
1047 260022.00
1048 260107.00
1049 260157.00
1050 259885.00
1051 259987.00
1052 259484.00
1053 261627.00
1054 260016.00
1055 260694.00
1056 259956.00
1057 259732.00
1058 259589.00
1059 259570.00
1060 259825.00
1061 259361.00
1062 259746.00
1063 259762.00
1064 260562.00
1065 259842.00
1066 259687.00
1067 276350.00
1068 274732.00
1069 273551.00
1070 278858.00
1071 277542.00
1072 276311.00
1073 275150.00
1074 273931.00
1075 272786.00
1076 271514.00
1077 270343.00
1078 268917.00
1079 268948.00
1080 267738.00
1081 266285.00
1082 268021.00
1083 266367.00
1084 265490.00
1085 264260.00
1086 263156.00
1087 261917.00
1088 260658.00
1089 259997.00
1090 260095.00
1091 260489.00
1092 260517.00
1093 259750.00
1094 259909.00
1095 260288.00
1096 261425.00
1097 259888.00
1098 259728.00
1099 259981.00
1100 260070.00
1101 259873.00
1102 259879.00
1103 259647.00
1104 259737.00
1105 269414.00
1106 267869.00
1107 267213.00
1108 266238.00
1109 264810.00
1110 263895.00
1111 263672.00
1112 262217.00
1113 261363.00
1114 259878.00
1115 259802.00
1116 259286.00
1117 260604.00
1118 260941.00
1119 260279.00
1120 259340.00
1121 260741.00
1122 263839.00
1123 262532.00
1124 262028.00
1125 261883.00
1126 263330.00
1127 262906.00
1128 261487.00
1129 263581.00
1130 263357.00
1131 264123.00
1132 263593.00
1133 262670.00
1134 261212.00
1135 263446.00
1136 262016.00
1137 261394.00
1138 262233.00
1139 260719.00
1140 260282.00
1141 259831.00
1142 259641.00
1143 260224.00
1144 261463.00
1145 260727.00
1146 259525.00
1147 260386.00
1148 259625.00
1149 260208.00
1150 259980.00
1151 259763.00
1152 260030.00
1153 260080.00
1154 259566.00
1155 261398.00
1156 260351.00
1157 259709.00
1158 259527.00
1159 261862.00
1160 260581.00
1161 259426.00
1162 260735.00
1163 259457.00
1164 260558.00
1165 261825.00
1166 261347.00
1167 261175.00
1168 262961.00
1169 261447.00
1170 261298.00
1171 260064.00
1172 259603.00
1173 260448.00
1174 260190.00
1175 259784.00
1176 259800.00
1177 260107.00
1178 259632.00
1179 259983.00
1180 259491.00
1181 259813.00
1182 260089.00
1183 259624.00
1184 260253.00
1185 265006.00
1186 263494.00
1187 262517.00
1188 263557.00
1189 263335.00
1190 262396.00
1191 264423.00
1192 264376.00
1193 264186.00
1194 265497.00
1195 265274.00
1196 265564.00
1197 266630.00
1198 265137.00
1199 266178.00
1200 264754.00
1201 264357.00
1202 264567.00
1203 264273.00
1204 263706.00
1205 264049.00
1206 262540.00
1207 264892.00
1208 264687.00
1209 263472.00
1210 263050.00
1211 262619.00
1212 261462.00
1213 261574.00
1214 261005.00
1215 260837.00
1216 260531.00
1217 260150.00
1218 259666.00
1219 275411.00
1220 274091.00
1221 273629.00
1222 272137.00
1223 271247.00
1224 270028.00
1225 268595.00
1226 267622.00
1227 266220.00
1228 265065.00
1229 263569.00
1230 262654.00
1231 261721.00
1232 260241.00
1233 262310.00
1234 260819.00
1235 259864.00
1236 260696.00
1237 259952.00
1238 259816.00
1239 259849.00
1240 259592.00
1241 259879.00
1242 259819.00
1243 259491.00
1244 259607.00
1245 261883.00
1246 260363.00
1247 259946.00
1248 259735.00
1249 259248.00
1250 259605.00
1251 259633.00
1252 259424.00
1253 259949.00
1254 259800.00
1255 259474.00
1256 259580.00
1257 261247.00
1258 260346.00
1259 260162.00
1260 260287.00
1261 260501.00
1262 259809.00
1263 259632.00
1264 259972.00
1265 259900.00
1266 260241.00
1267 260368.00
1268 259538.00
1269 259642.00
1270 259881.00
1271 260020.00
1272 260232.00
1273 260540.00
1274 261780.00
1275 260372.00
1276 259924.00
1277 259792.00
1278 259759.00
1279 260045.00
1280 259855.00
1281 259454.00
1282 259665.00
1283 259947.00
1284 260796.00
1285 259782.00
1286 259853.00
1287 259950.00
1288 259208.00
1289 259754.00
1290 260320.00
1291 259796.00
1292 259574.00
1293 259919.00
1294 259488.00
1295 259244.00
1296 260766.00
1297 259860.00
1298 259580.00
1299 259877.00
1300 259764.00
1301 259275.00
1302 261348.00
1303 260834.00
1304 260618.00
1305 260171.00
1306 259953.00
1307 259729.00
1308 261031.00
1309 260824.00
1310 260884.00
1311 259945.00
1312 260794.00
1313 260254.00
1314 261297.00
1315 260140.00
1316 260135.00
1317 259922.00
1318 259976.00
1319 260008.00
1320 259804.00
1321 259926.00
1322 260417.00
1323 259952.00
1324 259734.00
1325 260040.00
1326 259893.00
1327 259973.00
1328 260180.00
1329 259973.00
1330 259804.00
1331 260617.00
1332 259691.00
1333 259658.00
1334 259845.00
1335 260018.00
1336 259820.00
1337 260336.00
1338 259636.00
1339 259432.00
1340 259544.00
1341 260080.00
1342 259783.00
1343 260096.00
1344 259620.00
1345 259473.00
1346 261500.00
1347 260762.00
1348 259531.00
1349 259785.00
1350 259770.00
1351 259451.00
1352 261554.00
1353 260257.00
1354 259575.00
1355 260065.00
1356 259352.00
1357 259733.00
1358 259727.00
1359 260051.00
1360 263083.00
1361 261584.00
1362 262367.00
1363 262653.00
1364 261209.00
1365 260053.00
1366 259824.00
1367 260124.00
1368 259977.00
1369 259748.00
1370 260071.00
1371 259887.00
1372 260868.00
1373 262122.00
1374 264404.00
1375 264187.00
1376 264273.00
1377 264303.00
1378 273852.00
1379 272594.00
1380 272295.00
1381 270856.00
1382 269625.00
1383 268478.00
1384 267248.00
1385 266084.00
1386 264905.00
1387 263716.00
1388 263283.00
1389 264085.00
1390 263080.00
1391 263386.00
1392 262043.00
1393 260796.00
1394 259805.00
1395 259413.00
1396 260687.00
1397 260586.00
1398 259871.00
1399 260441.00
1400 260390.00
1401 260023.00
1402 260288.00
1403 260022.00
1404 259864.00
1405 260138.00
1406 260205.00
1407 259700.00
1408 260110.00
1409 259746.00
1410 380826.00
1411 379794.00
1412 378363.00
1413 377198.00
1414 375723.00
1415 374836.00
1416 376578.00
1417 375131.00
1418 374174.00
1419 373500.00
1420 372305.00
1421 371349.00
1422 369904.00
1423 376378.00
1424 376891.00
1425 376496.00
1426 375581.00
1427 375230.00
1428 374649.00
1429 373647.00
1430 372201.00
1431 371179.00
1432 369651.00
1433 369450.00
1434 368454.00
1435 367016.00
1436 365899.00
1437 364448.00
1438 363517.00
1439 362400.00
1440 360851.00
1441 359884.00
1442 358476.00
1443 357274.00
1444 356105.00
1445 355195.00
1446 353716.00
1447 352524.00
1448 351609.00
1449 350687.00
1450 349708.00
1451 353059.00
1452 352043.00
1453 350848.00
1454 349684.00
1455 348563.00
1456 347268.00
1457 346091.00
1458 344607.00
1459 343416.00
1460 342974.00
1461 341784.00
1462 340775.00
1463 355132.00
1464 355225.00
1465 354254.00
1466 353923.00
1467 352452.00
1468 351205.00
1469 350275.00
1470 348856.00
1471 347667.00
1472 346217.00
1473 349239.00
1474 348286.00
1475 346862.00
1476 345632.00
1477 344496.00
1478 343285.00
1479 344293.00
1480 342879.00
1481 341659.00
1482 340721.00
1483 339557.00
1484 338114.00
1485 337238.00
1486 335722.00
1487 334546.00
1488 334975.00
1489 333650.00
1490 333573.00
1491 332052.00
1492 331320.00
1493 340073.00
1494 338803.00
1495 340364.00
1496 344353.00
1497 341733.00
1498 339075.00
1499 339982.00
1500 341512.00
1501 340543.00
1502 347277.00
1503 346312.00
1504 344860.00
1505 343659.00
1506 342727.00
1507 341528.00
1508 340333.00
1509 338933.00
1510 337987.00
1511 337564.00
1512 336132.00
1513 335676.00
1514 334436.00
1515 335254.00
1516 334580.00
1517 333104.00
1518 332685.00
1519 331252.00
1520 330054.00
1521 329152.00
1522 327695.00
1523 326442.00
1524 325097.00
1525 324117.00
1526 322699.00
1527 321766.00
1528 320547.00
1529 319459.00
1530 318180.00
1531 316748.00
1532 315820.00
1533 314342.00
1534 313155.00
1535 312054.00
1536 310779.00
1537 309628.00
1538 308209.00
1539 307466.00
1540 306061.00
1541 304875.00
1542 304463.00
1543 302992.00
1544 302176.00
1545 300619.00
1546 299421.00
1547 298222.00
1548 298049.00
1549 297045.00
1550 295617.00
1551 294813.00
1552 293529.00
1553 292076.00
1554 291154.00
1555 289797.00
1556 288519.00
1557 287111.00
1558 286124.00
1559 284965.00
1560 285024.00
1561 283549.00
1562 282639.00
1563 290330.00
1564 288871.00
1565 288200.00
1566 286836.00
1567 287495.00
1568 286866.00
1569 285675.00
1570 285272.00
1571 285243.00
1572 287223.00
1573 287399.00
1574 285826.00
1575 284653.00
1576 283258.00
1577 282694.00
1578 281783.00
1579 280334.00
1580 279185.00
1581 277714.00
1582 277047.00
1583 275620.00
1584 275218.00
1585 273972.00
1586 272554.00
1587 271629.00
1588 270432.00
1589 268952.00
1590 268035.00
1591 266601.00
1592 265453.00
1593 263970.00
1594 263274.00
1595 261797.00
1596 260625.00
1597 260205.00
1598 260750.00
1599 259570.00
1600 260173.00
1601 259633.00
1602 259748.00
1603 259721.00
1604 259754.00
1605 259827.00
1606 260076.00
1607 261660.00
1608 260704.00
1609 259961.00
1610 259727.00
1611 260326.00
1612 260150.00
1613 260180.00
1614 260139.00
1615 261741.00
1616 260268.00
1617 259835.00
1618 260128.00
1619 259391.00
1620 261173.00
1621 260019.00
1622 260329.00
1623 259832.00
1624 260635.00
1625 259387.00
1626 259713.00
1627 259740.00
1628 259810.00
1629 261741.00
1630 260634.00
1631 260232.00
1632 259988.00
1633 259935.00
1634 264723.00
1635 264229.00
1636 263052.00
1637 261592.00
1638 260713.00
1639 259746.00
1640 260014.00
1641 260118.00
1642 259916.00
1643 259996.00
1644 259720.00
1645 259879.00
1646 260320.00
1647 260808.00
1648 260637.00
1649 259878.00
1650 260845.00
1651 259687.00
1652 260314.00
1653 259766.00
1654 259826.00
1655 259873.00
1656 260177.00
1657 259477.00
1658 259786.00
1659 262097.00
1660 260589.00
1661 259990.00
1662 259754.00
1663 259583.00
1664 259821.00
1665 259883.00
1666 260131.00
1667 266162.00
1668 264914.00
1669 263678.00
1670 262279.00
1671 261313.00
1672 260204.00
1673 261969.00
1674 260802.00
1675 260808.00
1676 259606.00
1677 260635.00
1678 260674.00
1679 260179.00
1680 260055.00
1681 259287.00
1682 259884.00
1683 260434.00
1684 260200.00
1685 260007.00
1686 260009.00
1687 259554.00
1688 260063.00
1689 259626.00
1690 260156.00
1691 260709.00
1692 262214.00
1693 261742.00
1694 261062.00
1695 260885.00
1696 260491.00
1697 260955.00
1698 260466.00
1699 260556.00
1700 260807.00
1701 260644.00
1702 261175.00
1703 260008.00
1704 262544.00
1705 261577.00
1706 261850.00
1707 260432.00
1708 259724.00
1709 259504.00
1710 259823.00
1711 259940.00
1712 259886.00
1713 260164.00
1714 272585.00
1715 271374.00
1716 269992.00
1717 268929.00
1718 268730.00
1719 267321.00
1720 266630.00
1721 265208.00
1722 263983.00
1723 263157.00
1724 262821.00
1725 261346.00
1726 260213.00
1727 259295.00
1728 259910.00
1729 259378.00
1730 259984.00
1731 260197.00
1732 260757.00
1733 260544.00
1734 259829.00
1735 261106.00
1736 261207.00
1737 260256.00
1738 259987.00
1739 268083.00
1740 267932.00
1741 266549.00
1742 269821.00
1743 268356.00
1744 267418.00
1745 267688.00
1746 267230.00
1747 265809.00
1748 266134.00
1749 265870.00
1750 264478.00
1751 264752.00
1752 263549.00
1753 262088.00
1754 262665.00
1755 261451.00
1756 260090.00
1757 260340.00
1758 259878.00
1759 260933.00
1760 260450.00
1761 260269.00
1762 261793.00
1763 261273.00
1764 260314.00
1765 267589.00
1766 275951.00
1767 282947.00
1768 281782.00
1769 280583.00
1770 279348.00
1771 278886.00
1772 277450.00
1773 276264.00
1774 275326.00
1775 274130.00
1776 272919.00
1777 272249.00
1778 271348.00
1779 271112.00
1780 270708.00
1781 269396.00
1782 268082.00
1783 267175.00
1784 265937.00
1785 264726.00
1786 263336.00
1787 262338.00
1788 260937.00
1789 260198.00
1790 259962.00
1791 259556.00
1792 259340.00
1793 260160.00
1794 259954.00
1795 259728.00
1796 260017.00
1797 259820.00
1798 259352.00
1799 259864.00
1800 259925.00
1801 259707.00
1802 259749.00
1803 259531.00
1804 259299.00
1805 261095.00
1806 259686.00
1807 259425.00
1808 259727.00
1809 259798.00
1810 260568.00
1811 261113.00
1812 260694.00
1813 263396.00
1814 262004.00
1815 260803.00
1816 259370.00
1817 261130.00
1818 260472.00
1819 264668.00
1820 268620.00
1821 267416.00
1822 266266.00
1823 265336.00
1824 263863.00
1825 262723.00
1826 261261.00
1827 260346.00
1828 260060.00
1829 260127.00
1830 259826.00
1831 260251.00
1832 260845.00
1833 259897.00
1834 260394.00
1835 259976.00
1836 260232.00
1837 260309.00
1838 259785.00
1839 259817.00
1840 261321.00
1841 262351.00
1842 266624.00
1843 265240.00
1844 265335.00
1845 264058.00
1846 262589.00
1847 261664.00
1848 260215.00
1849 260744.00
1850 262001.00
1851 261595.00
1852 260262.00
1853 259751.00
1854 259545.00
1855 259170.00
1856 259816.00
1857 260933.00
1858 259689.00
1859 259806.00
1860 259514.00
1861 259093.00
1862 260838.00
1863 260902.00
1864 261945.00
1865 260711.00
1866 260302.00
1867 260117.00
1868 259885.00
1869 260162.00
1870 259917.00
1871 260016.00
1872 260043.00
1873 259844.00
1874 259641.00
1875 260157.00
1876 259917.00
1877 259993.00
1878 260051.00
1879 260581.00
1880 260360.00
1881 259886.00
1882 259945.00
1883 259750.00
1884 260100.00
1885 259829.00
1886 259661.00
1887 259685.00
1888 259949.00
1889 259744.00
1890 259788.00
1891 259549.00
1892 259698.00
1893 259954.00
1894 260720.00
1895 259766.00
1896 259802.00
1897 259628.00
1898 261623.00
1899 260521.00
1900 259838.00
1901 259751.00
1902 260189.00
1903 266557.00
1904 265361.00
1905 264195.00
1906 263164.00
1907 261801.00
1908 260818.00
1909 260161.00
1910 260393.00
1911 260991.00
1912 260759.00
1913 260038.00
1914 260119.00
1915 260437.00
1916 259664.00
1917 259989.00
1918 259841.00
1919 259878.00
1920 259874.00
1921 260392.00
1922 259944.00
1923 259838.00
1924 259869.00
1925 260404.00
1926 260876.00
1927 260926.00
1928 261220.00
1929 260025.00
1930 259575.00
1931 259332.00
1932 259624.00
1933 259734.00
1934 260239.00
1935 260032.00
1936 259648.00
1937 260027.00
1938 259673.00
1939 260435.00
1940 260278.00
1941 259802.00
1942 259639.00
1943 259410.00
1944 259902.00
1945 259507.00
1946 261044.00
1947 259851.00
1948 259786.00
1949 259387.00
1950 259438.00
1951 259470.00
1952 259786.00
1953 259600.00
1954 259576.00
1955 260129.00
1956 259468.00
1957 259963.00
1958 259755.00
1959 260074.00
1960 260059.00
1961 260126.00
1962 259935.00
1963 266215.00
1964 264916.00
1965 263783.00
1966 262601.00
1967 262133.00
1968 260716.00
1969 260505.00
1970 259826.00
1971 260143.00
1972 260366.00
1973 259846.00
1974 259980.00
1975 260521.00
1976 260094.00
1977 260598.00
1978 260154.00
1979 259948.00
1980 259514.00
1981 265907.00
1982 265627.00
1983 264592.00
1984 267795.00
1985 266629.00
1986 266389.00
1987 264966.00
1988 264021.00
1989 262825.00
1990 261647.00
1991 260192.00
1992 259481.00
1993 260032.00
1994 259801.00
1995 259427.00
1996 259770.00
1997 259657.00
1998 261298.00
1999 261251.00
2000 260618.00
2001 259451.00
2002 259181.00
2003 259713.00
2004 260771.00
2005 260059.00
2006 261652.00
2007 261374.00
2008 260179.00
2009 259991.00
2010 260751.00
2011 260077.00
2012 259885.00
2013 260692.00
2014 259983.00
2015 259510.00
2016 260553.00
2017 260112.00
2018 259922.00
2019 260507.00
2020 259742.00
2021 259578.00
2022 260404.00
2023 260186.00
2024 259973.00
2025 260202.00
2026 259982.00
2027 259602.00
2028 260560.00
2029 260080.00
2030 259873.00
2031 260137.00
2032 260198.00
2033 260105.00
2034 259324.00
2035 259838.00
2036 259661.00
2037 260160.00
2038 259988.00
2039 259542.00
2040 259347.00
2041 259859.00
2042 259380.00
2043 261212.00
2044 260723.00
2045 261782.00
2046 260817.00
2047 259621.00
2048 260421.00
2049 260329.00
2050 260035.00
2051 260129.00
2052 259100.00
2053 259908.00
2054 260192.00
2055 260022.00
2056 263976.00
2057 262777.00
2058 262398.00
2059 260908.00
2060 394700.00
2061 393562.00
2062 392123.00
2063 391138.00
2064 389981.00
2065 388680.00
2066 387600.00
2067 389704.00
2068 388167.00
2069 386992.00
2070 385513.00
2071 384964.00
2072 383415.00
2073 382245.00
2074 380777.00
2075 379820.00
2076 378673.00
2077 377184.00
2078 376297.00
2079 374821.00
2080 373667.00
2081 372244.00
2082 373547.00
2083 376612.00
2084 375103.00
2085 373832.00
2086 372941.00
2087 371504.00
2088 371142.00
2089 373040.00
2090 370459.00
2091 367800.00
2092 366370.00
2093 365149.00
2094 363660.00
2095 362773.00
2096 361284.00
2097 360088.00
2098 359188.00
2099 357785.00
2100 358031.00
2101 358343.00
2102 357121.00
2103 355640.00
2104 354719.00
2105 355539.00
2106 354368.00
2107 353366.00
2108 351905.00
2109 350999.00
2110 349559.00
2111 348645.00
2112 347181.00
2113 346049.00
2114 344577.00
2115 343634.00
2116 342435.00
2117 342781.00
2118 341308.00
2119 340346.00
2120 338963.00
2121 338466.00
2122 338304.00
2123 337362.00
2124 335881.00
2125 334749.00
2126 334711.00
2127 334277.00
2128 335565.00
2129 337337.00
2130 335872.00
2131 334785.00
2132 333765.00
2133 332326.00
2134 331107.00
2135 329967.00
2136 328999.00
2137 327565.00
2138 326352.00
2139 325194.00
2140 324080.00
2141 323537.00
2142 322151.00
2143 320928.00
2144 319985.00
2145 318488.00
2146 317314.00
2147 316128.00
2148 315255.00
2149 313772.00
2150 312649.00
2151 311436.00
2152 310229.00
2153 309012.00
2154 308010.00
2155 306705.00
2156 305228.00
2157 304078.00
2158 302864.00
2159 301902.00
2160 300490.00
2161 299639.00
2162 298369.00
2163 296879.00
2164 295687.00
2165 294530.00
2166 294033.00
2167 292896.00
2168 291452.00
2169 290259.00
2170 289337.00
2171 288158.00
2172 286700.00
2173 285816.00
2174 285131.00
2175 283879.00
2176 282730.00
2177 281561.00
2178 280329.00
2179 280351.00
2180 280112.00
2181 279023.00
2182 278954.00
2183 278098.00
2184 277094.00
2185 276908.00
2186 275701.00
2187 275031.00
2188 274117.00
2189 272857.00
2190 271725.00
2191 270467.00
2192 269296.00
2193 268176.00
2194 266714.00
2195 265786.00
2196 264269.00
2197 263105.00
2198 261940.00
2199 260796.00
2200 261146.00
2201 260156.00
2202 259980.00
2203 259924.00
2204 260207.00
2205 264029.00
2206 263307.00
2207 262334.00
2208 261620.00
2209 261959.00
2210 260493.00
2211 259849.00
2212 260616.00
2213 260211.00
2214 260213.00
2215 259748.00
2216 260090.00
2217 259776.00
2218 259589.00
2219 261432.00
2220 260397.00
2221 262700.00
2222 261466.00
2223 260040.00
2224 259806.00
2225 259403.00
2226 259953.00
2227 259741.00
2228 259478.00
2229 259849.00
2230 260603.00
2231 259400.00
2232 259423.00
2233 260991.00
2234 263933.00
2235 263068.00
2236 261586.00
2237 260476.00
2238 259949.00
2239 260503.00
2240 260359.00
2241 260110.00
2242 260184.00
2243 261197.00
2244 259978.00
2245 259770.00
2246 260076.00
2247 260101.00
2248 260128.00
2249 259938.00
2250 259975.00
2251 259554.00
2252 259894.00
2253 260202.00
2254 260189.00
2255 265408.00
2256 264392.00
2257 262968.00
2258 262044.00
2259 260684.00
2260 260113.00
2261 260002.00
2262 259731.00
2263 265235.00
2264 263732.00
2265 263091.00
2266 261885.00
2267 260928.00
2268 260263.00
2269 259889.00
2270 261344.00
2271 259883.00
2272 259437.00
2273 259786.00
2274 259542.00
2275 260288.00
2276 259591.00
2277 259656.00
2278 259438.00
2279 259736.00
2280 260249.00
2281 260338.00
2282 259358.00
2283 261405.00
2284 260951.00
2285 260752.00
2286 260289.00
2287 260394.00
2288 259863.00
2289 263179.00
2290 261687.00
2291 262565.00
2292 262579.00
2293 262078.00
2294 262625.00
2295 261134.00
2296 260920.00
2297 261249.00
2298 261743.00
2299 267916.00
2300 268558.00
2301 267285.00
2302 265852.00
2303 264894.00
2304 263584.00
2305 262306.00
2306 261162.00
2307 275656.00
2308 274513.00
2309 273075.00
2310 271850.00
2311 270699.00
2312 269772.00
2313 268294.00
2314 267108.00
2315 266264.00
2316 269479.00
2317 268764.00
2318 267319.00
2319 266459.00
2320 264996.00
2321 264033.00
2322 262594.00
2323 263117.00
2324 261622.00
2325 260443.00
2326 260014.00
2327 259548.00
2328 259625.00
2329 260190.00
2330 260333.00
2331 259930.00
2332 260014.00
2333 263795.00
2334 262543.00
2335 265589.00
2336 264078.00
2337 263107.00
2338 261942.00
2339 260561.00
2340 259813.00
2341 259964.00
2342 260205.00
2343 259977.00
2344 259868.00
2345 260095.00
2346 262110.00
2347 260619.00
2348 260502.00
2349 259742.00
2350 259783.00
2351 259632.00
2352 260868.00
2353 262902.00
2354 261651.00
2355 261245.00
2356 261800.00
2357 260358.00
2358 259640.00
2359 259679.00
2360 261460.00
2361 260002.00
2362 264113.00
2363 263876.00
2364 264923.00
2365 264867.00
2366 263656.00
2367 262551.00
2368 261139.00
2369 259841.00
2370 259701.00
2371 260257.00
2372 259707.00
2373 259869.00
2374 259580.00
2375 260096.00
2376 259867.00
2377 259686.00
2378 259991.00
2379 260041.00
2380 259769.00
2381 260130.00
2382 260064.00
2383 260146.00
2384 259913.00
2385 261311.00
2386 260267.00
2387 260032.00
2388 260341.00
2389 261146.00
2390 259946.00
2391 260245.00
2392 260025.00
2393 259837.00
2394 261025.00
2395 259926.00
2396 263580.00
2397 262808.00
2398 261557.00
2399 260049.00
2400 260698.00
2401 259964.00
2402 259730.00
2403 259533.00
2404 260227.00
2405 259929.00
2406 260415.00
2407 259855.00
2408 259925.00
2409 260574.00
2410 261066.00
2411 260052.00
2412 261862.00
2413 260875.00
2414 259703.00
2415 259553.00
2416 259808.00
2417 259848.00
2418 259641.00
2419 259439.00
2420 260705.00
2421 260273.00
2422 259837.00
2423 261101.00
2424 260133.00
2425 261042.00
2426 260979.00
2427 261212.00
2428 260049.00
2429 260378.00
2430 260130.00
2431 259968.00
2432 260147.00
2433 260398.00
2434 260145.00
2435 261413.00
2436 260477.00
2437 259995.00
2438 268075.00
2439 268084.00
2440 266976.00
2441 266798.00
2442 265385.00
2443 264499.00
2444 263985.00
2445 264834.00
2446 263646.00
2447 263201.00
2448 262420.00
2449 267305.00
2450 273019.00
2451 271918.00
2452 270454.00
2453 269510.00
2454 275492.00
2455 274303.00
2456 274404.00
2457 272876.00
2458 272419.00
2459 273066.00
2460 271754.00
2461 270825.00
2462 270610.00
2463 269172.00
2464 267971.00
2465 268791.00
2466 267333.00
2467 266419.00
2468 266532.00
2469 265484.00
2470 265568.00
2471 264058.00
2472 263148.00
2473 261708.00
2474 262528.00
2475 261119.00
2476 262196.00
2477 260715.00
2478 259978.00
2479 260976.00
2480 260548.00
2481 259872.00
2482 262227.00
2483 260656.00
2484 259969.00
2485 261569.00
2486 260040.00
2487 260149.00
2488 259984.00
2489 260218.00
2490 263089.00
2491 261740.00
2492 261619.00
2493 260083.00
2494 259680.00
2495 259898.00
2496 266950.00
2497 266402.00
2498 265243.00
2499 264272.00
2500 263896.00
2501 262380.00
2502 261260.00
2503 261290.00
2504 259839.00
2505 271398.00
2506 271747.00
2507 270580.00
2508 270290.00
2509 269492.00
2510 268253.00
2511 266766.00
2512 265825.00
2513 264400.00
2514 263188.00
2515 261807.00
2516 260919.00
2517 259874.00
2518 260518.00
2519 260233.00
2520 260052.00
2521 260046.00
2522 260098.00
2523 259865.00
2524 259970.00
2525 260273.00
2526 260014.00
2527 260090.00
2528 259875.00
2529 259969.00
2530 260698.00
2531 260032.00
2532 260031.00
2533 260064.00
2534 259874.00
2535 259890.00
2536 260030.00
2537 259767.00
2538 259811.00
2539 260069.00
2540 259924.00
2541 261633.00
2542 261158.00
2543 259794.00
2544 271791.00
2545 270178.00
2546 268978.00
2547 267575.00
2548 266868.00
2549 266454.00
2550 268980.00
2551 267712.00
2552 266598.00
2553 265374.00
2554 263931.00
2555 263035.00
2556 261932.00
2557 260642.00
2558 260143.00
2559 260700.00
2560 259953.00
2561 260044.00
2562 259561.00
2563 259861.00
2564 260132.00
2565 260213.00
2566 260206.00
2567 260017.00
2568 260002.00
2569 260072.00
2570 259900.00
2571 260202.00
2572 260198.00
2573 260343.00
2574 260186.00
2575 259911.00
2576 259776.00
2577 260211.00
2578 260054.00
2579 260404.00
2580 260471.00
2581 259691.00
2582 259740.00
2583 259949.00
2584 260779.00
2585 259832.00
2586 261616.00
2587 260155.00
2588 262689.00
2589 306286.00
2590 304679.00
2591 303747.00
2592 302757.00
2593 302119.00
2594 300875.00
2595 299910.00
2596 298492.00
2597 297305.00
2598 295788.00
2599 294853.00
2600 293440.00
2601 292276.00
2602 290943.00
2603 290100.00
2604 288931.00
2605 287493.00
2606 286664.00
2607 285131.00
2608 285000.00
2609 284282.00
2610 283059.00
2611 281619.00
2612 280691.00
2613 279295.00
2614 278338.00
2615 276878.00
2616 275920.00
2617 274474.00
2618 273364.00
2619 272416.00
2620 270906.00
2621 269712.00
2622 268304.00
2623 267374.00
2624 265902.00
2625 264726.00
2626 263751.00
2627 262562.00
2628 261394.00
2629 259977.00
2630 260104.00
2631 261965.00
2632 260421.00
2633 259428.00
2634 259994.00
2635 259689.00
2636 260257.00
2637 259787.00
2638 260054.00
2639 259140.00
2640 260010.00
2641 260247.00
2642 259780.00
2643 259841.00
2644 260571.00
2645 265884.00
2646 264342.00
2647 263159.00
2648 261967.00
2649 261328.00
2650 291671.00
2651 289933.00
2652 288972.00
2653 287591.00
2654 286418.00
2655 286037.00
2656 284867.00
2657 283894.00
2658 282423.00
2659 281238.00
2660 279860.00
2661 278999.00
2662 277651.00
2663 276191.00
2664 275297.00
2665 273802.00
2666 272670.00
2667 271222.00
2668 270608.00
2669 269148.00
2670 267896.00
2671 266989.00
2672 265595.00
2673 264236.00
2674 262838.00
2675 261927.00
2676 260456.00
2677 261624.00
2678 260302.00
2679 259618.00
2680 259951.00
2681 259739.00
2682 259480.00
2683 259795.00
2684 260089.00
2685 259649.00
2686 275622.00
2687 275114.00
2688 274556.00
2689 273629.00
2690 272661.00
2691 272286.00
2692 271307.00
2693 271051.00
2694 269623.00
2695 294767.00
2696 293217.00
2697 292232.00
2698 290712.00
2699 289863.00
2700 288845.00
2701 287491.00
2702 286280.00
2703 284786.00
2704 285932.00
2705 287153.00
2706 286115.00
2707 284998.00
2708 283796.00
2709 282392.00
2710 281431.00
2711 280298.00
2712 278819.00
2713 278338.00
2714 277407.00
2715 275940.00
2716 275771.00
2717 275817.00
2718 274905.00
2719 274713.00
2720 273308.00
2721 272088.00
2722 270607.00
2723 269661.00
2724 268233.00
2725 267147.00
2726 265850.00
2727 264696.00
2728 265756.00
2729 264583.00
2730 263523.00
2731 262130.00
2732 261938.00
2733 261359.00
2734 264676.00
2735 263298.00
2736 263692.00
2737 262138.00
2738 262435.00
2739 261255.00
2740 259995.00
2741 259351.00
2742 261760.00
2743 261421.00
2744 262030.00
2745 261972.00
2746 260821.00
2747 259521.00
2748 260695.00
2749 260177.00
2750 260213.00
2751 261252.00
2752 269059.00
2753 305416.00
2754 304294.00
2755 303894.00
2756 302380.00
2757 301252.00
2758 299755.00
2759 299079.00
2760 297636.00
2761 296556.00
2762 294974.00
2763 294245.00
2764 292845.00
2765 291405.00
2766 290479.00
2767 289162.00
2768 287829.00
2769 287410.00
2770 285954.00
2771 285274.00
2772 283831.00
2773 282674.00
2774 281377.00
2775 280952.00
2776 280348.00
2777 279436.00
2778 277908.00
2779 276792.00
2780 275323.00
2781 274668.00
2782 273207.00
2783 271996.00
2784 271066.00
2785 269609.00
2786 268406.00
2787 267009.00
2788 266102.00
2789 264539.00
2790 264159.00
2791 262944.00
2792 261529.00
2793 262149.00
2794 260940.00
2795 260214.00
2796 259972.00
2797 260307.00
2798 260266.00
2799 260643.00
2800 260158.00
2801 260180.00
2802 260031.00
2803 260050.00
2804 259788.00
2805 259913.00
2806 260532.00
2807 260287.00
2808 262115.00
2809 260506.00
2810 409300.00
2811 408960.00
2812 407805.00
2813 406583.00
2814 405415.00
2815 403973.00
2816 402985.00
2817 402540.00
2818 401402.00
2819 400255.00
2820 399822.00
2821 398301.00
2822 398147.00
2823 397682.00
2824 397251.00
2825 397863.00
2826 396557.00
2827 395068.00
2828 394150.00
2829 392732.00
2830 391480.00
2831 391831.00
2832 390338.00
2833 389142.00
2834 389702.00
2835 388497.00
2836 387220.00
2837 386167.00
2838 389300.00
2839 387981.00
2840 386467.00
2841 385573.00
2842 384371.00
2843 383179.00
2844 381740.00
2845 380835.00
2846 379607.00
2847 378153.00
2848 377295.00
2849 375833.00
2850 374686.00
2851 373215.00
2852 373235.00
2853 372314.00
2854 371018.00
2855 369910.00
2856 368768.00
2857 367258.00
2858 368378.00
2859 367145.00
2860 365992.00
2861 364551.00
2862 363614.00
2863 362430.00
2864 361192.00
2865 359733.00
2866 358790.00
2867 357640.00
2868 356193.00
2869 355765.00
2870 354861.00
2871 353907.00
2872 352927.00
2873 351430.00
2874 350552.00
2875 352312.00
2876 350865.00
2877 349943.00
2878 348496.00
2879 347348.00
2880 345815.00
2881 344947.00
2882 343716.00
2883 342533.00
2884 341574.00
2885 340173.00
2886 339067.00
2887 337558.00
2888 336629.00
2889 335454.00
2890 333920.00
2891 333024.00
2892 331587.00
2893 330438.00
2894 328987.00
2895 328249.00
2896 326824.00
2897 325674.00
2898 324697.00
2899 323334.00
2900 322116.00
2901 320645.00
2902 319776.00
2903 318198.00
2904 317739.00
2905 316589.00
2906 315383.00
2907 314421.00
2908 320023.00
2909 319510.00
2910 318050.00
2911 316830.00
2912 316168.00
2913 314690.00
2914 313523.00
2915 313104.00
2916 311604.00
2917 310711.00
2918 309213.00
2919 308799.00
2920 307618.00
2921 306182.00
2922 305242.00
2923 304124.00
2924 302869.00
2925 301707.00
2926 300483.00
2927 299246.00
2928 297864.00
2929 296922.00
2930 295518.00
2931 294321.00
2932 293146.00
2933 291888.00
2934 290490.00
2935 289565.00
2936 288629.00
2937 287189.00
2938 285964.00
2939 284708.00
2940 283548.00
2941 282102.00
2942 281641.00
2943 280507.00
2944 279316.00
2945 278094.00
2946 276900.00
2947 275745.00
2948 274813.00
2949 274831.00
2950 291191.00
2951 294106.00
2952 292793.00
2953 291634.00
2954 290584.00
2955 289199.00
2956 287945.00
2957 288367.00
2958 287055.00
2959 285648.00
2960 285761.00
2961 284517.00
2962 283075.00
2963 283136.00
2964 282683.00
2965 281702.00
2966 281556.00
2967 280033.00
2968 278875.00
2969 277729.00
2970 276479.00
2971 276308.00
2972 275096.00
2973 274121.00
2974 272790.00
2975 271582.00
2976 270645.00
2977 270406.00
2978 268946.00
2979 267769.00
2980 266583.00
2981 265415.00
2982 263978.00
2983 266567.00
2984 265275.00
2985 263820.00
2986 263752.00
2987 262714.00
2988 261444.00
2989 260056.00
2990 260303.00
2991 260372.00
2992 260436.00
2993 259952.00
2994 260044.00
2995 259819.00
2996 259600.00
2997 260182.00
2998 262804.00
2999 261717.00
3000 260315.00
3001 259814.00
3002 264519.00
3003 262844.00
3004 262691.00
3005 262238.00
3006 261300.00
3007 260077.00
3008 259880.00
3009 259478.00
3010 261645.00
3011 261032.00
3012 260121.00
3013 259911.00
3014 259435.00
3015 260398.00
3016 260767.00
3017 259768.00
3018 262314.00
3019 261103.00
3020 260210.00
3021 259249.00
3022 260115.00
3023 260297.00
3024 270890.00
3025 269502.00
3026 269052.00
3027 268103.00
3028 266679.00
3029 266975.00
3030 265773.00
3031 265542.00
3032 264111.00
3033 263219.00
3034 263021.00
3035 261516.00
3036 260346.00
3037 260227.00
3038 260246.00
3039 260011.00
3040 259789.00
3041 262104.00
3042 260912.00
3043 260666.00
3044 260264.00
3045 260018.00
3046 260523.00
3047 264940.00
3048 264597.00
3049 263125.00
3050 261929.00
3051 261614.00
3052 261563.00
3053 260178.00
3054 260505.00
3055 260024.00
3056 260258.00
3057 261046.00
3058 259561.00
3059 260703.00
3060 261407.00
3061 259729.00
3062 260154.00
3063 261515.00
3064 260380.00
3065 260445.00
3066 260739.00
3067 260485.00
3068 260519.00
3069 260842.00
3070 259961.00
3071 260167.00
3072 260209.00
3073 259777.00
3074 260386.00
3075 260672.00
3076 259923.00
3077 260004.00
3078 260031.00
3079 263296.00
3080 262318.00
3081 263709.00
3082 263169.00
3083 262228.00
3084 262249.00
3085 260796.00
3086 261301.00
3087 260149.00
3088 260233.00
3089 259983.00
3090 259747.00
3091 259522.00
3092 259799.00
3093 259865.00
3094 264685.00
3095 263135.00
3096 261919.00
3097 260507.00
3098 260274.00
3099 259832.00
3100 259648.00
3101 259946.00
3102 260063.00
3103 259541.00
3104 259557.00
3105 294353.00
3106 293175.00
3107 291983.00
3108 290662.00
3109 289622.00
3110 288125.00
3111 286989.00
3112 287321.00
3113 285818.00
3114 284768.00
3115 283726.00
3116 282539.00
3117 281346.00
3118 279943.00
3119 279487.00
3120 278518.00
3121 277160.00
3122 275909.00
3123 274454.00
3124 273488.00
3125 272098.00
3126 270909.00
3127 270210.00
3128 268699.00
3129 267545.00
3130 266125.00
3131 265244.00
3132 263761.00
3133 262504.00
3134 261679.00
3135 261188.00
3136 260779.00
3137 262664.00
3138 261546.00
3139 260167.00
3140 260542.00
3141 260224.00
3142 259741.00
3143 259540.00
3144 260634.00
3145 260186.00
3146 260951.00
3147 260742.00
3148 259988.00
3149 266365.00
3150 264761.00
3151 263817.00
3152 263359.00
3153 262850.00
3154 261725.00
3155 260546.00
3156 259386.00
3157 259658.00
3158 259713.00
3159 259493.00
3160 261071.00
3161 259590.00
3162 259338.00
3163 260242.00
3164 261689.00
3165 262786.00
3166 261269.00
3167 260364.00
3168 259900.00
3169 260994.00
3170 263685.00
3171 262651.00
3172 261206.00
3173 260286.00
3174 260136.00
3175 259934.00
3176 263742.00
3177 262476.00
3178 261035.00
3179 260075.00
3180 259729.00
3181 259721.00
3182 260803.00
3183 260240.00
3184 259920.00
3185 259891.00
3186 259705.00
3187 259589.00
3188 261269.00
3189 264065.00
3190 262600.00
3191 264376.00
3192 262946.00
3193 261751.00
3194 261013.00
3195 259913.00
3196 265172.00
3197 263855.00
3198 262459.00
3199 261508.00
3200 260371.00
3201 259970.00
3202 259666.00
3203 261501.00
3204 260745.00
3205 260308.00
3206 261412.00
3207 260642.00
3208 260224.00
3209 261496.00
3210 265357.00
3211 266283.00
3212 265106.00
3213 263552.00
3214 262630.00
3215 261193.00
3216 260533.00
3217 260141.00
3218 259894.00
3219 259910.00
3220 260211.00
3221 260221.00
3222 260778.00
3223 260125.00
3224 259892.00
3225 260377.00
3226 260432.00
3227 259965.00
3228 259996.00
3229 261370.00
3230 259893.00
3231 259437.00
3232 263049.00
3233 262318.00
3234 261031.00
3235 259618.00
3236 259892.00
3237 259444.00
3238 259823.00
3239 259783.00
3240 261681.00
3241 262337.00
3242 261854.00
3243 261617.00
3244 260436.00
3245 261130.00
3246 266334.00
3247 264748.00
3248 263555.00
3249 262360.00
3250 263180.00
3251 261963.00
3252 260780.00
3253 260581.00
3254 260131.00
3255 260209.00
3256 260519.00
3257 260054.00
3258 259849.00
3259 261099.00
3260 260132.00
3261 260194.00
3262 260786.00
3263 262004.00
3264 260791.00
3265 266053.00
3266 270932.00
3267 269800.00
3268 268349.00
3269 267473.00
3270 266015.00
3271 264827.00
3272 263391.00
3273 265272.00
3274 264281.00
3275 265059.00
3276 264052.00
3277 262599.00
3278 261636.00
3279 260211.00
3280 259979.00
3281 259836.00
3282 259882.00
3283 259708.00
3284 260358.00
3285 260239.00
3286 259996.00
3287 259833.00
3288 259821.00
3289 259683.00
3290 259679.00
3291 259999.00
3292 260537.00
3293 260395.00
3294 260931.00
3295 264958.00
3296 263860.00
3297 263439.00
3298 262010.00
3299 260886.00
3300 260225.00
3301 259915.00
3302 260238.00
3303 260249.00
3304 260078.00
3305 260119.00
3306 260167.00
3307 259981.00
3308 260231.00
3309 260551.00
3310 260194.00
3311 260110.00
3312 260463.00
3313 259983.00
3314 260262.00
3315 259861.00
3316 259926.00
3317 264286.00
3318 262597.00
3319 261720.00
3320 260257.00
3321 260011.00
3322 260056.00
3323 260166.00
3324 261251.00
3325 259694.00
3326 260611.00
3327 261797.00
3328 260552.00
3329 260624.00
3330 260161.00
3331 260243.00
3332 260045.00
3333 261847.00
3334 260566.00
3335 259905.00
3336 259954.00
3337 260461.00
3338 259779.00
3339 259602.00
3340 259632.00
3341 259892.00
3342 260684.00
3343 260225.00
3344 260070.00
3345 259559.00
3346 260846.00
3347 259917.00
3348 264268.00
3349 263735.00
3350 264257.00
3351 262997.00
3352 261593.00
3353 260709.00
3354 260314.00
3355 260270.00
3356 260103.00
3357 259589.00
3358 260355.00
3359 259923.00
3360 260005.00
3361 259750.00
3362 268807.00
3363 268215.00
3364 267224.00
3365 265801.00
3366 264888.00
3367 267443.00
3368 265961.00
3369 265019.00
3370 263843.00
3371 262428.00
3372 261717.00
3373 260280.00
3374 259823.00
3375 261866.00
3376 260707.00
3377 259712.00
3378 259501.00
3379 260835.00
3380 276017.00
3381 275453.00
3382 274436.00
3383 274272.00
3384 274076.00
3385 272574.00
3386 271479.00
3387 270994.00
3388 269495.00
3389 268841.00
3390 267426.00
3391 266257.00
3392 265380.00
3393 263857.00
3394 275840.00
3395 274273.00
3396 273117.00
3397 272881.00
3398 271407.00
3399 270475.00
3400 269108.00
3401 267855.00
3402 268175.00
3403 266732.00
3404 266309.00
3405 265082.00
3406 263644.00
3407 263432.00
3408 262526.00
3409 261045.00
3410 259889.00
3411 259733.00
3412 259972.00
3413 260836.00
3414 259799.00
3415 259893.00
3416 259911.00
3417 259428.00
3418 260046.00
3419 260098.00
3420 259587.00
3421 259859.00
3422 261415.00
3423 259970.00
3424 261219.00
3425 261072.00
3426 260596.00
3427 259926.00
3428 260768.00
3429 259853.00
3430 259647.00
3431 259595.00
3432 260567.00
3433 261346.00
3434 260618.00
3435 259690.00
3436 259469.00
3437 260325.00
3438 260354.00
3439 260115.00
3440 260540.00
3441 260482.00
3442 259797.00
3443 261513.00
3444 260398.00
3445 260172.00
3446 260171.00
3447 260225.00
3448 259810.00
3449 259565.00
3450 260276.00
3451 260411.00
3452 260477.00
3453 260266.00
3454 259867.00
3455 259545.00
3456 264939.00
3457 264403.00
3458 264074.00
3459 263553.00
3460 263311.00
3461 262586.00
3462 261427.00
3463 261286.00
3464 260259.00
3465 259832.00
3466 260572.00
3467 259425.00
3468 259785.00
3469 259922.00
3470 261276.00
3471 259780.00
3472 260831.00
3473 263876.00
3474 262622.00
3475 261687.00
3476 261465.00
3477 260290.00
3478 260516.00
3479 259310.00
3480 261696.00
3481 261927.00
3482 266630.00
3483 265404.00
3484 265160.00
3485 263848.00
3486 262883.00
3487 261665.00
3488 260451.00
3489 260884.00
3490 262494.00
3491 260831.00
3492 286536.00
3493 284807.00
3494 283920.00
3495 282712.00
3496 282275.00
3497 281382.00
3498 280114.00
3499 278721.00
3500 278482.00
3501 278323.00
3502 277298.00
3503 275928.00
3504 275708.00
3505 274756.00
3506 273402.00
3507 271982.00
3508 270577.00
3509 269740.00
3510 273476.00
3511 273416.00
3512 272697.00
3513 271911.00
3514 272409.00
3515 271915.00
3516 272165.00
3517 271215.00
3518 269752.00
3519 275207.00
3520 275805.00
3521 274609.00
3522 274165.00
3523 272733.00
3524 271550.00
3525 275388.00
3526 275026.00
3527 274358.00
3528 273182.00
3529 272971.00
3530 272229.00
3531 271078.00
3532 270608.00
3533 270956.00
3534 269429.00
3535 270490.00
3536 269058.00
3537 268140.00
3538 268711.00
3539 267488.00
3540 266022.00
3541 265841.00
3542 270852.00
3543 273213.00
3544 279148.00
3545 279144.00
3546 277864.00
3547 277393.00
3548 276209.00
3549 274956.00
3550 274846.00
3551 273366.00
3552 274936.00
3553 273457.00
3554 272567.00
3555 270865.00
3556 270975.00
3557 270663.00
3558 269506.00
3559 270042.00
3560 270644.00
3561 269319.00
3562 267955.00
3563 266970.00
3564 267135.00
3565 266105.00
3566 264652.00
3567 268627.00
3568 266985.00
3569 266035.00
3570 266094.00
3571 264725.00
3572 263679.00
3573 264003.00
3574 262838.00
3575 261381.00
3576 261781.00
3577 260750.00
3578 262935.00
3579 261290.00
3580 260381.00
3581 260152.00
3582 260219.00
3583 259988.00
3584 262607.00
3585 262028.00
3586 262583.00
3587 267386.00
3588 265814.00
3589 264946.00
3590 264498.00
3591 264569.00
3592 265303.00
3593 264340.00
3594 264669.00
3595 263142.00
3596 262711.00
3597 263323.00
3598 262127.00
3599 262553.00
3600 262527.00
3601 265248.00
3602 265269.00
3603 264281.00
3604 262826.00
3605 261611.00
3606 270486.00
3607 269384.00
3608 267926.00
3609 277223.00
3610 275214.00
3611 273982.00
3612 279626.00
3613 279012.00
3614 280888.00
3615 279559.00
3616 278623.00
3617 277195.00
3618 275985.00
3619 274545.00
3620 273653.00
3621 275921.00
3622 274942.00
3623 274977.00
3624 273756.00
3625 272812.00
3626 272905.00
3627 271692.00
3628 270546.00
3629 270505.00
3630 269382.00
3631 268465.00
3632 273060.00
3633 271755.00
3634 270542.00
3635 270631.00
3636 269756.00
3637 268177.00
3638 268872.00
3639 267497.00
3640 266105.00
3641 266689.00
3642 265233.00
3643 265523.00
3644 266670.00
3645 265334.00
3646 264149.00
3647 264452.00
3648 263030.00
3649 262063.00
3650 1157128.00
3651 1155667.00
3652 1154611.00
3653 1154604.00
3654 1154184.00
3655 1152835.00
3656 1154633.00
3657 1153138.00
3658 1153637.00
3659 1154862.00
3660 1156626.00
3661 1158716.00
3662 1160173.00
3663 1161908.00
3664 1163785.00
3665 1162216.00
3666 1162596.00
3667 1167687.00
3668 1167304.00
3669 1166348.00
3670 1166468.00
3671 1163995.00
3672 1163995.00
3673 1163570.00
3674 1163361.00
3675 1161912.00
3676 1161717.00
3677 1160782.00
3678 1159316.00
3679 1159113.00
3680 1158245.00
3681 1157747.00
3682 1156585.00
3683 1156314.00
3684 1155170.00
3685 1153729.00
3686 1153879.00
3687 1152556.00
3688 1152641.00
3689 1151185.00
3690 1150305.00
3691 1149076.00
3692 1148883.00
3693 1148152.00
3694 1146984.00
3695 1145766.00
3696 1144614.00
3697 1143387.00
3698 1142191.00
3699 1141257.00
3700 1139815.00
3701 1140179.00
3702 1138933.00
3703 1138498.00
3704 1138053.00
3705 1136583.00
3706 1135378.00
3707 1134183.00
3708 1133279.00
3709 1131888.00
3710 1130596.00
3711 1129682.00
3712 1129023.00
3713 1127818.00
3714 1126356.00
3715 1125450.00
3716 1124312.00
3717 1122803.00
3718 1129368.00
3719 1127771.00
3720 1126625.00
3721 1125953.00
3722 1124982.00
3723 1123812.00
3724 1122389.00
3725 1124313.00
3726 1123716.00
3727 1122239.00
3728 1129658.00
3729 1134412.00
3730 1132751.00
3731 1131830.00
3732 1130355.00
3733 1134828.00
3734 1133161.00
3735 1132693.00
3736 1131459.00
3737 1130017.00
3738 1129105.00
3739 1128640.00
3740 1127233.00
3741 1126043.00
3742 1125590.00
3743 1126742.00
3744 1125653.00
3745 1126013.00
3746 1128255.00
3747 1126757.00
3748 1125616.00
3749 1124165.00
3750 1123519.00
3751 1122268.00
3752 1121620.00
3753 1120453.00
3754 1119263.00
3755 1118049.00
3756 1116817.00
3757 1115483.00
3758 1114528.00
3759 1113042.00
3760 1112846.00
3761 1111814.00
3762 1110382.00
3763 1109441.00
3764 1108378.00
3765 1106892.00
3766 1106000.00
3767 1105112.00
3768 1104123.00
3769 1102862.00
3770 1101406.00
3771 1100461.00
3772 1104321.00
3773 1103299.00
3774 1101803.00
3775 1100608.00
3776 1100266.00
3777 1103610.00
3778 1102459.00
3779 1101583.00
3780 1100651.00
3781 1099145.00
3782 1098019.00
3783 1096995.00
3784 1095624.00
3785 1094437.00
3786 1092937.00
3787 1091984.00
3788 1090807.00
3789 1090407.00
3790 1089203.00
3791 1087689.00
3792 1086806.00
3793 1085461.00
3794 1084163.00
3795 1083280.00
3796 1081884.00
3797 1080625.00
3798 1080899.00
3799 1079512.00
3800 1081836.00
3801 1080795.00
3802 1079861.00
3803 1078902.00
3804 1084557.00
3805 1083186.00
3806 1081753.00
3807 1080843.00
3984 610932.00
3985 609485.00
3986 608266.00
3988 604181.00
3989 603800.00
3990 603066.00
3991 602600.00
3992 602905.00
3993 601705.00
3994 729561.00
3995 728137.00
3996 728264.00
3997 726787.00
3998 730841.00
3999 729647.00
