100
0 280233.00
1 285808.00
2 290737.00
3 291456.00
4 290562.00
5 289341.00
6 289255.00
7 289827.00
8 289630.00
9 288719.00
10 287153.00
11 288025.00
12 288033.00
13 287058.00
14 287507.00
15 286154.00
16 284996.00
17 283528.00
18 283856.00
19 285136.00
20 285474.00
21 284013.00
22 282806.00
23 282361.00
24 280925.00
25 280055.00
26 280584.00
27 280529.00
28 281403.00
29 283361.00
30 282178.00
31 281721.00
32 280536.00
33 279340.00
34 279415.00
35 278238.00
36 278323.00
37 277926.00
38 276724.00
39 275290.00
40 274372.00
41 274419.00
42 274695.00
43 274109.00
44 274689.00
45 274152.00
46 274526.00
47 274308.00
48 274870.00
49 276113.00
50 274851.00
51 274710.00
52 276545.00
53 275601.00
54 275176.00
55 274237.00
56 274838.00
57 274154.00
58 273952.00
59 274252.00
60 274181.00
61 273722.00
62 274311.00
63 274471.00
64 274051.00
65 274103.00
66 275185.00
67 274954.00
68 275023.00
69 274306.00
70 275073.00
71 274639.00
72 274361.00
73 274460.00
74 275747.00
75 275254.00
76 275534.00
77 274811.00
78 274859.00
79 274478.00
80 275551.00
81 274537.00
82 274407.00
83 274478.00
84 277155.00
85 279177.00
86 279233.00
87 279527.00
88 278038.00
89 278827.00
90 277446.00
91 276441.00
92 275036.00
93 274593.00
94 274818.00
95 274406.00
96 274266.00
97 274591.00
98 274022.00
99 284074.00
