4000
0 84764.00
1 84186.00
2 84325.00
3 84105.00
4 84352.00
5 83885.00
6 83951.00
7 84167.00
8 84065.00
9 84085.00
10 84031.00
11 83911.00
12 84058.00
13 84140.00
14 84070.00
15 83855.00
16 84099.00
17 83579.00
18 83677.00
19 83854.00
20 83716.00
21 83966.00
22 83720.00
23 83851.00
24 83548.00
25 83581.00
26 83922.00
27 83582.00
28 83786.00
29 83799.00
30 83431.00
31 83690.00
32 84577.00
33 83780.00
34 83644.00
35 83875.00
36 83766.00
37 156977.00
38 149096.00
39 137295.00
40 125958.00
41 114000.00
42 104209.00
43 93535.00
44 83665.00
45 83839.00
46 83910.00
47 83512.00
48 84066.00
49 84158.00
50 84321.00
51 83867.00
52 83895.00
53 84045.00
54 83842.00
55 83723.00
56 83660.00
57 84143.00
58 83307.00
59 83921.00
60 83936.00
61 83580.00
62 83843.00
63 83969.00
64 83526.00
65 83649.00
66 83810.00
67 83313.00
68 83647.00
69 83743.00
70 102887.00
71 90889.00
72 84016.00
73 84115.00
74 84450.00
75 84164.00
76 191159.00
77 179516.00
78 168562.00
79 156798.00
80 145745.00
81 138821.00
82 128765.00
83 117244.00
84 105499.00
85 93744.00
86 85994.00
87 84057.00
88 83701.00
89 83756.00
90 83677.00
91 83430.00
92 83982.00
93 83835.00
94 84021.00
95 84074.00
96 84097.00
97 84171.00
98 83543.00
99 83640.00
100 83927.00
101 84073.00
102 83592.00
103 197071.00
104 185741.00
105 175699.00
106 164017.00
107 152313.00
108 140552.00
109 128499.00
110 119136.00
111 107778.00
112 95795.00
113 84293.00
114 92069.00
115 87675.00
116 83602.00
117 83732.00
118 84062.00
119 83819.00
120 83904.00
121 84027.00
122 83762.00
123 83718.00
124 83875.00
125 83676.00
126 83774.00
127 84141.00
128 83877.00
129 83771.00
130 83638.00
131 83884.00
132 83708.00
133 84101.00
134 84003.00
135 84258.00
136 83747.00
137 84055.00
138 83972.00
139 83577.00
140 83673.00
141 84062.00
142 83700.00
143 83783.00
144 84245.00
145 83973.00
146 84065.00
147 83995.00
148 84012.00
149 83941.00
150 83693.00
151 83794.00
152 100382.00
153 89313.00
154 83821.00
155 83385.00
156 83417.00
157 83988.00
158 84062.00
159 83756.00
160 84063.00
161 84141.00
162 83443.00
163 83808.00
164 84151.00
165 92165.00
166 83814.00
167 84112.00
168 84008.00
169 83803.00
170 83893.00
171 83933.00
172 84023.00
173 83870.00
174 83948.00
175 84110.00
176 83672.00
177 83765.00
178 83939.00
179 83807.00
180 83850.00
181 83988.00
182 83789.00
183 83701.00
184 83901.00
185 83874.00
186 83647.00
187 83464.00
188 83791.00
189 83881.00
190 83751.00
191 83790.00
192 83889.00
193 83811.00
194 83848.00
195 83901.00
196 83485.00
197 83835.00
198 86412.00
199 83826.00
200 193567.00
201 181944.00
202 170280.00
203 160455.00
204 167238.00
205 155448.00
206 143504.00
207 132209.00
208 129690.00
209 136206.00
210 125894.00
211 117923.00
212 106125.00
213 96131.00
214 114455.00
215 102456.00
216 90642.00
217 83936.00
218 84163.00
219 83860.00
220 83678.00
221 83543.00
222 84115.00
223 83656.00
224 84016.00
225 90045.00
226 83894.00
227 83989.00
228 84054.00
229 83871.00
230 83901.00
231 83884.00
232 83894.00
233 83830.00
234 83992.00
235 83970.00
236 83857.00
237 83914.00
238 84007.00
239 84033.00
240 83913.00
241 83952.00
242 83819.00
243 83882.00
244 83746.00
245 83835.00
246 83915.00
247 83414.00
248 83821.00
249 85137.00
250 83740.00
251 83779.00
252 83836.00
253 83667.00
254 83579.00
255 83921.00
256 83716.00
257 85298.00
258 83499.00
259 83657.00
260 84151.00
261 83744.00
262 83753.00
263 84090.00
264 83887.00
265 89573.00
266 84075.00
267 85643.00
268 83778.00
269 83849.00
270 83913.00
271 83529.00
272 84114.00
273 85587.00
274 83786.00
275 83779.00
276 83706.00
277 83799.00
278 83880.00
279 86417.00
280 83817.00
281 83501.00
282 83512.00
283 83795.00
284 83466.00
285 83470.00
286 196508.00
287 189329.00
288 196119.00
289 188073.00
290 176265.00
291 164557.00
292 157533.00
293 151972.00
294 141779.00
295 132134.00
296 121404.00
297 110134.00
298 103836.00
299 102757.00
300 90744.00
301 87010.00
302 83805.00
303 84192.00
304 83750.00
305 83837.00
306 83905.00
307 83674.00
308 83570.00
309 83680.00
310 85073.00
311 83625.00
312 87848.00
313 84765.00
314 83574.00
315 84028.00
316 84042.00
317 83865.00
318 83702.00
319 83543.00
320 83826.00
321 83481.00
322 88145.00
323 83839.00
324 83934.00
325 83476.00
326 84640.00
327 83903.00
328 90212.00
329 83845.00
330 83992.00
331 83340.00
332 83652.00
333 84506.00
334 83781.00
335 83674.00
336 86431.00
337 83851.00
338 83649.00
339 83974.00
340 83801.00
341 83923.00
342 83729.00
343 83820.00
344 83910.00
345 83557.00
346 83691.00
347 83695.00
348 83519.00
349 83645.00
350 83519.00
351 83746.00
352 83770.00
353 84307.00
354 83820.00
355 83672.00
356 83501.00
357 83882.00
358 103802.00
359 91716.00
360 83889.00
361 85032.00
362 83640.00
363 83681.00
364 83951.00
365 84250.00
366 83939.00
367 84019.00
368 83849.00
369 83639.00
370 83987.00
371 83845.00
372 84658.00
373 83537.00
374 83593.00
375 83443.00
376 83675.00
377 83856.00
378 83987.00
379 83623.00
380 90875.00
381 89083.00
382 83613.00
383 83586.00
384 83942.00
385 83328.00
386 189969.00
387 177908.00
388 166393.00
389 154418.00
390 146237.00
391 134479.00
392 124981.00
393 113292.00
394 164645.00
395 164967.00
396 154334.00
397 145527.00
398 142651.00
399 132391.00
400 132048.00
401 120416.00
402 108788.00
403 98838.00
404 88054.00
405 83973.00
406 85369.00
407 83882.00
408 97454.00
409 85961.00
410 83719.00
411 84603.00
412 83235.00
413 83673.00
414 83772.00
415 83896.00
416 83450.00
417 83774.00
418 83904.00
419 84557.00
420 83854.00
421 84312.00
422 84731.00
423 83876.00
424 84152.00
425 84016.00
426 83793.00
427 84156.00
428 86725.00
429 86357.00
430 83728.00
431 84016.00
432 84118.00
433 83697.00
434 83785.00
435 84068.00
436 83694.00
437 83771.00
438 83872.00
439 83547.00
440 83764.00
441 84129.00
442 83917.00
443 83960.00
444 83668.00
445 83712.00
446 88464.00
447 83611.00
448 83769.00
449 83331.00
450 83434.00
451 83738.00
452 83878.00
453 83741.00
454 83816.00
455 84172.00
456 101529.00
457 89868.00
458 84100.00
459 83956.00
460 83780.00
461 83915.00
462 83943.00
463 83788.00
464 83724.00
465 83822.00
466 83382.00
467 83711.00
468 84004.00
469 84069.00
470 83753.00
471 83853.00
472 83872.00
473 84700.00
474 83806.00
475 83914.00
476 83533.00
477 83597.00
478 83386.00
479 83706.00
480 85537.00
481 83669.00
482 84509.00
483 83569.00
484 84238.00
485 83723.00
486 84429.00
487 83454.00
488 83740.00
489 84130.00
490 83622.00
491 83880.00
492 84086.00
493 88180.00
494 83769.00
495 131190.00
496 119242.00
497 107464.00
498 96724.00
499 84764.00
500 83718.00
501 196966.00
502 186103.00
503 174093.00
504 162327.00
505 821081.00
506 809002.00
507 800454.00
508 789461.00
509 857085.00
510 847059.00
511 835279.00
512 825525.00
513 815085.00
514 803056.00
515 795353.00
516 783820.00
517 772050.00
518 760264.00
519 748305.00
520 737046.00
521 728603.00
522 716734.00
523 705337.00
524 693576.00
525 682651.00
526 674535.00
527 662456.00
528 653046.00
529 652936.00
530 641891.00
531 633161.00
532 624239.00
533 613231.00
534 602241.00
535 591269.00
536 581261.00
537 570477.00
538 559967.00
539 692010.00
540 680749.00
541 670958.00
542 660105.00
543 648382.00
544 636380.00
545 624707.00
546 613895.00
547 602913.00
548 591981.00
549 580204.00
550 575858.00
551 563945.00
552 553922.00
553 541805.00
554 532382.00
555 521120.00
556 509421.00
557 497567.00
558 485834.00
559 574201.00
560 578940.00
561 566912.00
562 556876.00
563 544937.00
564 534658.00
565 522715.00
566 513164.00
567 501655.00
568 489906.00
569 481845.00
570 471451.00
571 462843.00
572 456775.00
573 444789.00
574 433069.00
575 422830.00
576 411115.00
577 399061.00
578 389074.00
579 380757.00
580 369033.00
581 357758.00
582 347047.00
583 335097.00
584 324897.00
585 313045.00
586 301109.00
587 291047.00
588 291169.00
589 291800.00
590 305707.00
591 293726.00
592 328753.00
593 328818.00
594 328388.00
595 323800.00
596 311871.00
597 300515.00
598 288818.00
599 277382.00
600 286046.00
601 275067.00
602 269443.00
603 260033.00
604 248483.00
605 236711.00
606 224729.00
607 214996.00
608 236794.00
609 236888.00
610 237787.00
611 239157.00
612 239647.00
613 252815.00
614 264471.00
615 277600.00
616 279623.00
617 268603.00
618 257580.00
619 245918.00
620 236063.00
621 231220.00
622 219476.00
623 207475.00
624 198828.00
625 194736.00
626 208613.00
627 200039.00
628 190352.00
629 204384.00
630 223146.00
631 211485.00
632 232806.00
633 221940.00
634 210694.00
635 202892.00
636 191195.00
637 181356.00
638 173863.00
639 162347.00
640 151352.00
641 140450.00
642 129419.00
643 119885.00
644 108612.00
645 98655.00
646 87606.00
647 86971.00
648 279081.00
649 288811.00
650 276698.00
651 272638.00
652 261113.00
653 250172.00
654 240634.00
655 231886.00
656 219902.00
657 208589.00
658 223746.00
659 211716.00
660 200476.00
661 188532.00
662 177487.00
663 165512.00
664 154291.00
665 142415.00
666 130492.00
667 120569.00
668 115239.00
669 104177.00
670 92236.00
671 84073.00
672 83542.00
673 83987.00
674 83998.00
675 84067.00
676 83897.00
677 91618.00
678 83786.00
679 83941.00
680 84158.00
681 86346.00
682 84027.00
683 83781.00
684 83837.00
685 83876.00
686 83793.00
687 84118.00
688 84268.00
689 83852.00
690 86290.00
691 83950.00
692 83490.00
693 83847.00
694 84074.00
695 83864.00
696 84316.00
697 83760.00
698 83895.00
699 83485.00
700 83845.00
701 83940.00
702 84492.00
703 83776.00
704 83960.00
705 84085.00
706 83553.00
707 83664.00
708 83740.00
709 83652.00
710 84195.00
711 84558.00
712 83817.00
713 90618.00
714 83752.00
715 83950.00
716 83968.00
717 84047.00
718 83887.00
719 83980.00
720 83819.00
721 83941.00
722 83998.00
723 83487.00
724 83936.00
725 83961.00
726 83520.00
727 83928.00
728 83969.00
729 83891.00
730 83879.00
731 83784.00
732 83877.00
733 83704.00
734 83650.00
735 85217.00
736 83630.00
737 96179.00
738 85890.00
739 84037.00
740 83594.00
741 83997.00
742 84037.00
743 83718.00
744 83955.00
745 83575.00
746 83920.00
747 83743.00
748 84142.00
749 86056.00
750 83834.00
751 83633.00
752 84148.00
753 84025.00
754 83893.00
755 83921.00
756 84094.00
757 83918.00
758 83988.00
759 84100.00
760 83837.00
761 84113.00
762 83858.00
763 83714.00
764 83744.00
765 84150.00
766 83917.00
767 83884.00
768 83846.00
769 87083.00
770 83812.00
771 88788.00
772 83634.00
773 85494.00
774 83646.00
775 83761.00
776 83295.00
777 85392.00
778 84240.00
779 84396.00
780 151717.00
781 174736.00
782 162954.00
783 173194.00
784 161489.00
785 153080.00
786 141642.00
787 130578.00
788 141538.00
789 152247.00
790 217703.00
791 229326.00
792 268749.00
793 286376.00
794 320488.00
795 308673.00
796 297675.00
797 286244.00
798 276971.00
799 288401.00
800 297171.00
801 285311.00
802 280742.00
803 269411.00
804 260786.00
805 250542.00
806 240938.00
807 236584.00
808 225083.00
809 213555.00
810 201856.00
811 190384.00
812 178331.00
813 166971.00
814 155198.00
815 143338.00
816 131371.00
817 119875.00
818 107904.00
819 97365.00
820 85652.00
821 83816.00
822 201607.00
823 191562.00
824 179559.00
825 174513.00
826 163023.00
827 153302.00
828 163282.00
829 153052.00
830 142122.00
831 130408.00
832 131809.00
833 120516.00
834 108497.00
835 98991.00
836 87871.00
837 83471.00
838 84110.00
839 83559.00
840 83968.00
841 83871.00
842 84039.00
843 83951.00
844 84038.00
845 84603.00
846 83719.00
847 84025.00
848 83601.00
849 205963.00
850 194643.00
851 323893.00
852 311957.00
853 301703.00
854 288664.00
855 282698.00
856 271399.00
857 259383.00
858 248404.00
859 238089.00
860 228105.00
861 216633.00
862 206521.00
863 195874.00
864 184291.00
865 172588.00
866 160764.00
867 178868.00
868 167396.00
869 155371.00
870 144670.00
871 137143.00
872 174689.00
873 164379.00
874 152633.00
875 168328.00
876 156535.00
877 144780.00
878 136764.00
879 124916.00
880 113364.00
881 101410.00
882 89632.00
883 83748.00
884 84078.00
885 83726.00
886 83788.00
887 84364.00
888 83716.00
889 85412.00
890 83649.00
891 83982.00
892 83790.00
893 83975.00
894 83999.00
895 83786.00
896 83702.00
897 83817.00
898 83590.00
899 83836.00
900 83725.00
901 83368.00
902 83406.00
903 84070.00
904 84155.00
905 83688.00
906 84055.00
907 84126.00
908 83687.00
909 96569.00
910 85034.00
911 83597.00
912 83579.00
913 83771.00
914 83769.00
915 84148.00
916 83735.00
917 84659.00
918 84062.00
919 83630.00
920 83740.00
921 84083.00
922 83664.00
923 83762.00
924 83953.00
925 83568.00
926 86070.00
927 83609.00
928 83506.00
929 83910.00
930 83858.00
931 83805.00
932 83845.00
933 83670.00
934 83833.00
935 83370.00
936 83759.00
937 83811.00
938 83364.00
939 83453.00
940 83847.00
941 83971.00
942 83788.00
943 84831.00
944 84228.00
945 84417.00
946 83873.00
947 195850.00
948 187224.00
949 176291.00
950 164536.00
951 152876.00
952 143452.00
953 131206.00
954 120455.00
955 108869.00
956 98141.00
957 91036.00
958 86971.00
959 83786.00
960 83877.00
961 83970.00
962 83575.00
963 83731.00
964 84176.00
965 83551.00
966 83705.00
967 83993.00
968 83813.00
969 83918.00
970 83755.00
971 83885.00
972 84484.00
973 83748.00
974 83900.00
975 84200.00
976 83576.00
977 83921.00
978 83973.00
979 83569.00
980 83644.00
981 84244.00
982 84067.00
983 83943.00
984 84051.00
985 83813.00
986 83871.00
987 83802.00
988 83903.00
989 83616.00
990 83448.00
991 83685.00
992 83510.00
993 83632.00
994 84791.00
995 84053.00
996 83645.00
997 83903.00
998 91403.00
999 83611.00
1000 83714.00
1001 84281.00
1002 83862.00
1003 83780.00
1004 83598.00
1005 83920.00
1006 84384.00
1007 84090.00
1008 84358.00
1009 83469.00
1010 83878.00
1011 83929.00
1012 84141.00
1013 84871.00
1014 83941.00
1015 84129.00
1016 83705.00
1017 83763.00
1018 84044.00
1019 83730.00
1020 83983.00
1021 84109.00
1022 147951.00
1023 136197.00
1024 125624.00
1025 115439.00
1026 113090.00
1027 114149.00
1028 103088.00
1029 92302.00
1030 84756.00
1031 86465.00
1032 201805.00
1033 189745.00
1034 179211.00
1035 168457.00
1036 161313.00
1037 149674.00
1038 150552.00
1039 138973.00
1040 128087.00
1041 118342.00
1042 108419.00
1043 96704.00
1044 85246.00
1045 83867.00
1046 84182.00
1047 83748.00
1048 83841.00
1049 83945.00
1050 83580.00
1051 83528.00
1052 83936.00
1053 83475.00
1054 83684.00
1055 83736.00
1056 83613.00
1057 83663.00
1058 83767.00
1059 87056.00
1060 83454.00
1061 83283.00
1062 83642.00
1063 88301.00
1064 88569.00
1065 83705.00
1066 83738.00
1067 83887.00
1068 83659.00
1069 83792.00
1070 83405.00
1071 83711.00
1072 83722.00
1073 83759.00
1074 83542.00
1075 84119.00
1076 84174.00
1077 83762.00
1078 83944.00
1079 84010.00
1080 84010.00
1081 83827.00
1082 83629.00
1083 83880.00
1084 83512.00
1085 83823.00
1086 83926.00
1087 83496.00
1088 84179.00
1089 83853.00
1090 84480.00
1091 83821.00
1092 83881.00
1093 83746.00
1094 83610.00
1095 83422.00
1096 83690.00
1097 83596.00
1098 83409.00
1099 83497.00
1100 84032.00
1101 84148.00
1102 83734.00
1103 84135.00
1104 83866.00
1105 102541.00
1106 90798.00
1107 83504.00
1108 83627.00
1109 84171.00
1110 83776.00
1111 83609.00
1112 83945.00
1113 83950.00
1114 83800.00
1115 83882.00
1116 83726.00
1117 84071.00
1118 83594.00
1119 83696.00
1120 85686.00
1121 83445.00
1122 83503.00
1123 83791.00
1124 83453.00
1125 83753.00
1126 84106.00
1127 84228.00
1128 84029.00
1129 83806.00
1130 191419.00
1131 179660.00
1132 167630.00
1133 156441.00
1134 157309.00
1135 148499.00
1136 136635.00
1137 129355.00
1138 209387.00
1139 198282.00
1140 186558.00
1141 174602.00
1142 163004.00
1143 152703.00
1144 141785.00
1145 130171.00
1146 118345.00
1147 107661.00
1148 99577.00
1149 88059.00
1150 84121.00
1151 83658.00
1152 83961.00
1153 83805.00
1154 83908.00
1155 83470.00
1156 83774.00
1157 83864.00
1158 83543.00
1159 83651.00
1160 83839.00
1161 84236.00
1162 83574.00
1163 83853.00
1164 84284.00
1165 83836.00
1166 84159.00
1167 83817.00
1168 83776.00
1169 83949.00
1170 84000.00
1171 146992.00
1172 253516.00
1173 242964.00
1174 232990.00
1175 231521.00
1176 219570.00
1177 208058.00
1178 196314.00
1179 187558.00
1180 201259.00
1181 206457.00
1182 195510.00
1183 184704.00
1184 172759.00
1185 161772.00
1186 151047.00
1187 139248.00
1188 127676.00
1189 117078.00
1190 105017.00
1191 95614.00
1192 84513.00
1193 83849.00
1194 84054.00
1195 83496.00
1196 83631.00
1197 83966.00
1198 84033.00
1199 83898.00
1200 83570.00
1201 83799.00
1202 83992.00
1203 83961.00
1204 84281.00
1205 83884.00
1206 84008.00
1207 83812.00
1208 83922.00
1209 83618.00
1210 83835.00
1211 88958.00
1212 83469.00
1213 83761.00
1214 83681.00
1215 83353.00
1216 83885.00
1217 83952.00
1218 84071.00
1219 83743.00
1220 83812.00
1221 83771.00
1222 83598.00
1223 83512.00
1224 83832.00
1225 86350.00
1226 83258.00
1227 83786.00
1228 84093.00
1229 83943.00
1230 85821.00
1231 83976.00
1232 83713.00
1233 83568.00
1234 83939.00
1235 84012.00
1236 83681.00
1237 83965.00
1238 84282.00
1239 84935.00
1240 83904.00
1241 84000.00
1242 83835.00
1243 187294.00
1244 918227.00
1245 910227.00
1246 898231.00
1247 888121.00
1248 875988.00
1249 873942.00
1250 862165.00
1251 850170.00
1252 838919.00
1253 826863.00
1254 815476.00
1255 804688.00
1256 798623.00
1257 787086.00
1258 775483.00
1259 763877.00
1260 752372.00
1261 740900.00
1262 729136.00
1263 719890.00
1264 707908.00
1265 696892.00
1266 686460.00
1267 674358.00
1268 664922.00
1269 654071.00
1270 642087.00
1271 630418.00
1272 618867.00
1273 607213.00
1274 595891.00
1275 585873.00
1276 574184.00
1277 562443.00
1278 555413.00
1279 544395.00
1280 534390.00
1281 524942.00
1282 513582.00
1283 501861.00
1284 490387.00
1285 602465.00
1286 590573.00
1287 579057.00
1288 567070.00
1289 555337.00
1290 543747.00
1291 532886.00
1292 521625.00
1293 513809.00
1294 503561.00
1295 491659.00
1296 480659.00
1297 471804.00
1298 465085.00
1299 453341.00
1300 441323.00
1301 430697.00
1302 422798.00
1303 412226.00
1304 403911.00
1305 392666.00
1306 382180.00
1307 370393.00
1308 361846.00
1309 353920.00
1310 342115.00
1311 331356.00
1312 319381.00
1313 307683.00
1314 296039.00
1315 285291.00
1316 273214.00
1317 261672.00
1318 249944.00
1319 238219.00
1320 245055.00
1321 233300.00
1322 221730.00
1323 210002.00
1324 200301.00
1325 189218.00
1326 177715.00
1327 165998.00
1328 156487.00
1329 149427.00
1330 142168.00
1331 134080.00
1332 131457.00
1333 119442.00
1334 109045.00
1335 97545.00
1336 96328.00
1337 87846.00
1338 83756.00
1339 83863.00
1340 83480.00
1341 83791.00
1342 84070.00
1343 84200.00
1344 83741.00
1345 83899.00
1346 84002.00
1347 83790.00
1348 89633.00
1349 85005.00
1350 83640.00
1351 89435.00
1352 83735.00
1353 83575.00
1354 83443.00
1355 83570.00
1356 84909.00
1357 84688.00
1358 83810.00
1359 83873.00
1360 84217.00
1361 83987.00
1362 83875.00
1363 84125.00
1364 83863.00
1365 112434.00
1366 143862.00
1367 140970.00
1368 130337.00
1369 118586.00
1370 106651.00
1371 95432.00
1372 84374.00
1373 83777.00
1374 83535.00
1375 83841.00
1376 84007.00
1377 84101.00
1378 83665.00
1379 84120.00
1380 84043.00
1381 83684.00
1382 83715.00
1383 89733.00
1384 83486.00
1385 83781.00
1386 83704.00
1387 84391.00
1388 84045.00
1389 84105.00
1390 83991.00
1391 83776.00
1392 83665.00
1393 83960.00
1394 83338.00
1395 83499.00
1396 83777.00
1397 207270.00
1398 195437.00
1399 183570.00
1400 175746.00
1401 163791.00
1402 152204.00
1403 140243.00
1404 129452.00
1405 117790.00
1406 105999.00
1407 94231.00
1408 103320.00
1409 91562.00
1410 83834.00
1411 83361.00
1412 83725.00
1413 83711.00
1414 83813.00
1415 83432.00
1416 83516.00
1417 83912.00
1418 83474.00
1419 83893.00
1420 83989.00
1421 84298.00
1422 83843.00
1423 83903.00
1424 83766.00
1425 83891.00
1426 84090.00
1427 83826.00
1428 83869.00
1429 83487.00
1430 83708.00
1431 83811.00
1432 83874.00
1433 83736.00
1434 84795.00
1435 83683.00
1436 83787.00
1437 83771.00
1438 83464.00
1439 83682.00
1440 83922.00
1441 87681.00
1442 83679.00
1443 83781.00
1444 83657.00
1445 83785.00
1446 83853.00
1447 83755.00
1448 87257.00
1449 83337.00
1450 83771.00
1451 90695.00
1452 83308.00
1453 83686.00
1454 83860.00
1455 84367.00
1456 83782.00
1457 83820.00
1458 84148.00
1459 84913.00
1460 87288.00
1461 83701.00
1462 83781.00
1463 83883.00
1464 83686.00
1465 83509.00
1466 83590.00
1467 104980.00
1468 104829.00
1469 93332.00
1470 83709.00
1471 83915.00
1472 88135.00
1473 83794.00
1474 83866.00
1475 83506.00
1476 83626.00
1477 83864.00
1478 83834.00
1479 83486.00
1480 83802.00
1481 83748.00
1482 83473.00
1483 83572.00
1484 86898.00
1485 91647.00
1486 83864.00
1487 83785.00
1488 83792.00
1489 83390.00
1490 84051.00
1491 96415.00
1492 85072.00
1493 83867.00
1494 83921.00
1495 84237.00
1496 84637.00
1497 83955.00
1498 83702.00
1499 83825.00
1500 83999.00
1501 83784.00
1502 83601.00
1503 83500.00
1504 83547.00
1505 83911.00
1506 83748.00
1507 90717.00
1508 83857.00
1509 86549.00
1510 83873.00
1511 83916.00
1512 83785.00
1513 83585.00
1514 83699.00
1515 83574.00
1516 83646.00
1517 83422.00
1518 83531.00
1519 84102.00
1520 83907.00
1521 83817.00
1522 83958.00
1523 83971.00
1524 83789.00
1525 84017.00
1526 83718.00
1527 83722.00
1528 83834.00
1529 83466.00
1530 83625.00
1531 83713.00
1532 84259.00
1533 83846.00
1534 83901.00
1535 84707.00
1536 83670.00
1537 83970.00
1538 83825.00
1539 83895.00
1540 83523.00
1541 83591.00
1542 83647.00
1543 83761.00
1544 83829.00
1545 83956.00
1546 83496.00
1547 83624.00
1548 84000.00
1549 83884.00
1550 83664.00
1551 84001.00
1552 83881.00
1553 83641.00
1554 83425.00
1555 83536.00
1556 83741.00
1557 83999.00
1558 83769.00
1559 84206.00
1560 84149.00
1561 83900.00
1562 83976.00
1563 83568.00
1564 83612.00
1565 203950.00
1566 193023.00
1567 181743.00
1568 169654.00
1569 158070.00
1570 147234.00
1571 136709.00
1572 125175.00
1573 113367.00
1574 101440.00
1575 90020.00
1576 84083.00
1577 83450.00
1578 83530.00
1579 83684.00
1580 83228.00
1581 83674.00
1582 84011.00
1583 83645.00
1584 83887.00
1585 84049.00
1586 84341.00
1587 83652.00
1588 83475.00
1589 84279.00
1590 83604.00
1591 83725.00
1592 83829.00
1593 83943.00
1594 199100.00
1595 187287.00
1596 175577.00
1597 164840.00
1598 153336.00
1599 141306.00
1600 129899.00
1601 117874.00
1602 106584.00
1603 94615.00
1604 83667.00
1605 83770.00
1606 83593.00
1607 83339.00
1608 84028.00
1609 83833.00
1610 83707.00
1611 83579.00
1612 83628.00
1613 83933.00
1614 87041.00
1615 83648.00
1616 83966.00
1617 87772.00
1618 83649.00
1619 83931.00
1620 83458.00
1621 83764.00
1622 83977.00
1623 84032.00
1624 83600.00
1625 83468.00
1626 83863.00
1627 83736.00
1628 83864.00
1629 83687.00
1630 84158.00
1631 83645.00
1632 83985.00
1633 83996.00
1634 83581.00
1635 83682.00
1636 84073.00
1637 83633.00
1638 83682.00
1639 83837.00
1640 83708.00
1641 83752.00
1642 83849.00
1643 83702.00
1644 128662.00
1645 116747.00
1646 105551.00
1647 93779.00
1648 83993.00
1649 83919.00
1650 83981.00
1651 83857.00
1652 83704.00
1653 83766.00
1654 83645.00
1655 83718.00
1656 83773.00
1657 83827.00
1658 83446.00
1659 84082.00
1660 84175.00
1661 83730.00
1662 83745.00
1663 83926.00
1664 83791.00
1665 83898.00
1666 83797.00
1667 84008.00
1668 83668.00
1669 83729.00
1670 83825.00
1671 83422.00
1672 83766.00
1673 83757.00
1674 84235.00
1675 83807.00
1676 83879.00
1677 83634.00
1678 83768.00
1679 84159.00
1680 83659.00
1681 83562.00
1682 83405.00
1683 83775.00
1684 83787.00
1685 83738.00
1686 83936.00
1687 84033.00
1688 83918.00
1689 83705.00
1690 84034.00
1691 207423.00
1692 195576.00
1693 183689.00
1694 171929.00
1695 161081.00
1696 173073.00
1697 164505.00
1698 152482.00
1699 141003.00
1700 129774.00
1701 118263.00
1702 106343.00
1703 96038.00
1704 84774.00
1705 83458.00
1706 83542.00
1707 83889.00
1708 83537.00
1709 83909.00
1710 83886.00
1711 83971.00
1712 83574.00
1713 83962.00
1714 84389.00
1715 83898.00
1716 83674.00
1717 84107.00
1718 83577.00
1719 83550.00
1720 83825.00
1721 88307.00
1722 83496.00
1723 83910.00
1724 83875.00
1725 83546.00
1726 83917.00
1727 83935.00
1728 84353.00
1729 83898.00
1730 84015.00
1731 84781.00
1732 83610.00
1733 83742.00
1734 83802.00
1735 83730.00
1736 83550.00
1737 83544.00
1738 83859.00
1739 97021.00
1740 85754.00
1741 83915.00
1742 83509.00
1743 83916.00
1744 83950.00
1745 83527.00
1746 91534.00
1747 83902.00
1748 83711.00
1749 83631.00
1750 83437.00
1751 83837.00
1752 83982.00
1753 84150.00
1754 88504.00
1755 83905.00
1756 83540.00
1757 83799.00
1758 84157.00
1759 83592.00
1760 84340.00
1761 84007.00
1762 83579.00
1763 83619.00
1764 84007.00
1765 114922.00
1766 103356.00
1767 91327.00
1768 83810.00
1769 83670.00
1770 83554.00
1771 83639.00
1772 83664.00
1773 83487.00
1774 83576.00
1775 83203.00
1776 83338.00
1777 207085.00
1778 196077.00
1779 184535.00
1780 174629.00
1781 162863.00
1782 150788.00
1783 139351.00
1784 128626.00
1785 116991.00
1786 105288.00
1787 94807.00
1788 85868.00
1789 83913.00
1790 84045.00
1791 83980.00
1792 83973.00
1793 83531.00
1794 83886.00
1795 84002.00
1796 83584.00
1797 83651.00
1798 83739.00
1799 83525.00
1800 83610.00
1801 84032.00
1802 84064.00
1803 83639.00
1804 83718.00
1805 84103.00
1806 83725.00
1807 83469.00
1808 83816.00
1809 83452.00
1810 84022.00
1811 83589.00
1812 84264.00
1813 85705.00
1814 83820.00
1815 83881.00
1816 83500.00
1817 83788.00
1818 83949.00
1819 83982.00
1820 83558.00
1821 83942.00
1822 83792.00
1823 83628.00
1824 83679.00
1825 84105.00
1826 83679.00
1827 83944.00
1828 83945.00
1829 83949.00
1830 83577.00
1831 83656.00
1832 83901.00
1833 83475.00
1834 83611.00
1835 83700.00
1836 84290.00
1837 83429.00
1838 83952.00
1839 83823.00
1840 83857.00
1841 83793.00
1842 83581.00
1843 83901.00
1844 83461.00
1845 83822.00
1846 83987.00
1847 83744.00
1848 83854.00
1849 83324.00
1850 94744.00
1851 83655.00
1852 83972.00
1853 83576.00
1854 83982.00
1855 84015.00
1856 84096.00
1857 83780.00
1858 83794.00
1859 83918.00
1860 85009.00
1861 83561.00
1862 83590.00
1863 83517.00
1864 83779.00
1865 84017.00
1866 84775.00
1867 83550.00
1868 83765.00
1869 84072.00
1870 83598.00
1871 84441.00
1872 83840.00
1873 83378.00
1874 83428.00
1875 83490.00
1876 83500.00
1877 83682.00
1878 83985.00
1879 196566.00
1880 185188.00
1881 176429.00
1882 167944.00
1883 157025.00
1884 145842.00
1885 134868.00
1886 124912.00
1887 113125.00
1888 107102.00
1889 95905.00
1890 85146.00
1891 83787.00
1892 84050.00
1893 84067.00
1894 83741.00
1895 85641.00
1896 83715.00
1897 83512.00
1898 83627.00
1899 83716.00
1900 83559.00
1901 83394.00
1902 83710.00
1903 84291.00
1904 83612.00
1905 83761.00
1906 84052.00
1907 83684.00
1908 83897.00
1909 83788.00
1910 83504.00
1911 88200.00
1912 83775.00
1913 83612.00
1914 83435.00
1915 84071.00
1916 84340.00
1917 84026.00
1918 84346.00
1919 83923.00
1920 84036.00
1921 83639.00
1922 83666.00
1923 83823.00
1924 83367.00
1925 83722.00
1926 83751.00
1927 84099.00
1928 83692.00
1929 83768.00
1930 83988.00
1931 83840.00
1932 83774.00
1933 84128.00
1934 83776.00
1935 83373.00
1936 83715.00
1937 83508.00
1938 83375.00
1939 83438.00
1940 83794.00
1941 84145.00
1942 83719.00
1943 84156.00
1944 84133.00
1945 83914.00
1946 83961.00
1947 84253.00
1948 83860.00
1949 83967.00
1950 83774.00
1951 86367.00
1952 83705.00
1953 83755.00
1954 84148.00
1955 84045.00
1956 83812.00
1957 84105.00
1958 83654.00
1959 83730.00
1960 83876.00
1961 83514.00
1962 83500.00
1963 86549.00
1964 83496.00
1965 83631.00
1966 83374.00
1967 84210.00
1968 83751.00
1969 83907.00
1970 89183.00
1971 89743.00
1972 83929.00
1973 94869.00
1974 87487.00
1975 83412.00
1976 83515.00
1977 83799.00
1978 83419.00
1979 83780.00
1980 84420.00
1981 91412.00
1982 83724.00
1983 83850.00
1984 84067.00
1985 83922.00
1986 84005.00
1987 83806.00
1988 221391.00
1989 209591.00
1990 198509.00
1991 860305.00
1992 848719.00
1993 836863.00
1994 825324.00
1995 816291.00
1996 804287.00
1997 797249.00
1998 802508.00
1999 790727.00
2000 779467.00
2001 768187.00
2002 756153.00
2003 745151.00
2004 733172.00
2005 721993.00
2006 710003.00
2007 698277.00
2008 686480.00
2009 674997.00
2010 663335.00
2011 653786.00
2012 643788.00
2013 632301.00
2014 620773.00
2015 609999.00
2016 598268.00
2017 586511.00
2018 575807.00
2019 564524.00
2020 555090.00
2021 543560.00
2022 531749.00
2023 522779.00
2024 527992.00
2025 516972.00
2026 508195.00
2027 497665.00
2028 487226.00
2029 476425.00
2030 464456.00
2031 453691.00
2032 442930.00
2033 553397.00
2034 543449.00
2035 531413.00
2036 522941.00
2037 512858.00
2038 501615.00
2039 491611.00
2040 481111.00
2041 473427.00
2042 462073.00
2043 452524.00
2044 442526.00
2045 434017.00
2046 423584.00
2047 411842.00
2048 401622.00
2049 392916.00
2050 390794.00
2051 378822.00
2052 367091.00
2053 355052.00
2054 343575.00
2055 333826.00
2056 322973.00
2057 311865.00
2058 300638.00
2059 288313.00
2060 276593.00
2061 265006.00
2062 253380.00
2063 241344.00
2064 231627.00
2065 222092.00
2066 211182.00
2067 203000.00
2068 191248.00
2069 181080.00
2070 168921.00
2071 157375.00
2072 148995.00
2073 141191.00
2074 129986.00
2075 118086.00
2076 106333.00
2077 95764.00
2078 85500.00
2079 84099.00
2080 83710.00
2081 83866.00
2082 83661.00
2083 83749.00
2084 83924.00
2085 83680.00
2086 83492.00
2087 83301.00
2088 83857.00
2089 84003.00
2090 87777.00
2091 83673.00
2092 83708.00
2093 83442.00
2094 83748.00
2095 84088.00
2096 83391.00
2097 83485.00
2098 96808.00
2099 85351.00
2100 83612.00
2101 83462.00
2102 88906.00
2103 84867.00
2104 83966.00
2105 83889.00
2106 84043.00
2107 83851.00
2108 83703.00
2109 83844.00
2110 83746.00
2111 84602.00
2112 83909.00
2113 83443.00
2114 83533.00
2115 83788.00
2116 84247.00
2117 83780.00
2118 83853.00
2119 84684.00
2120 83586.00
2121 83921.00
2122 83702.00
2123 83573.00
2124 83464.00
2125 83512.00
2126 84123.00
2127 83721.00
2128 85679.00
2129 83787.00
2130 84657.00
2131 83809.00
2132 83903.00
2133 83610.00
2134 83506.00
2135 83913.00
2136 83690.00
2137 92171.00
2138 83359.00
2139 83702.00
2140 83655.00
2141 84009.00
2142 201074.00
2143 190996.00
2144 182498.00
2145 171435.00
2146 161913.00
2147 150131.00
2148 138419.00
2149 126453.00
2150 138907.00
2151 127220.00
2152 115120.00
2153 103609.00
2154 91745.00
2155 84003.00
2156 83840.00
2157 83601.00
2158 83842.00
2159 83714.00
2160 83830.00
2161 83628.00
2162 83456.00
2163 83607.00
2164 85924.00
2165 83515.00
2166 83940.00
2167 83470.00
2168 83775.00
2169 84110.00
2170 85516.00
2171 83683.00
2172 83971.00
2173 84289.00
2174 89529.00
2175 83691.00
2176 83730.00
2177 83660.00
2178 83529.00
2179 83835.00
2180 83997.00
2181 83852.00
2182 83900.00
2183 83909.00
2184 83510.00
2185 83704.00
2186 83754.00
2187 83737.00
2188 83679.00
2189 83790.00
2190 83636.00
2191 83716.00
2192 83947.00
2193 83828.00
2194 83643.00
2195 83501.00
2196 83594.00
2197 83895.00
2198 83595.00
2199 83626.00
2200 83993.00
2201 83673.00
2202 83592.00
2203 83990.00
2204 83277.00
2205 83649.00
2206 83984.00
2207 84025.00
2208 83893.00
2209 83627.00
2210 83823.00
2211 83624.00
2212 83668.00
2213 83537.00
2214 83929.00
2215 83480.00
2216 83829.00
2217 83935.00
2218 85189.00
2219 83829.00
2220 83963.00
2221 83518.00
2222 83675.00
2223 85493.00
2224 84055.00
2225 83736.00
2226 83888.00
2227 83740.00
2228 84041.00
2229 84841.00
2230 84410.00
2231 83509.00
2232 83930.00
2233 83699.00
2234 83833.00
2235 83676.00
2236 83513.00
2237 83816.00
2238 84135.00
2239 83768.00
2240 209097.00
2241 197028.00
2242 185258.00
2243 173541.00
2244 162118.00
2245 150144.00
2246 139637.00
2247 207498.00
2248 195509.00
2249 184633.00
2250 172936.00
2251 163542.00
2252 155961.00
2253 143897.00
2254 132099.00
2255 120615.00
2256 109779.00
2257 97702.00
2258 85936.00
2259 83608.00
2260 83711.00
2261 84102.00
2262 83623.00
2263 83451.00
2264 83935.00
2265 84091.00
2266 84033.00
2267 86788.00
2268 84169.00
2269 84000.00
2270 83876.00
2271 83918.00
2272 83547.00
2273 83602.00
2274 83954.00
2275 83526.00
2276 84375.00
2277 83965.00
2278 83913.00
2279 83866.00
2280 83880.00
2281 83973.00
2282 83557.00
2283 83687.00
2284 83536.00
2285 83618.00
2286 83467.00
2287 83587.00
2288 83647.00
2289 83238.00
2290 83824.00
2291 87397.00
2292 83501.00
2293 83909.00
2294 83932.00
2295 83998.00
2296 88233.00
2297 83945.00
2298 84098.00
2299 84414.00
2300 83739.00
2301 83642.00
2302 83616.00
2303 83987.00
2304 84145.00
2305 83910.00
2306 83781.00
2307 83865.00
2308 84659.00
2309 83482.00
2310 89559.00
2311 215233.00
2312 204397.00
2313 196545.00
2314 187579.00
2315 175877.00
2316 167931.00
2317 156065.00
2318 149307.00
2319 137250.00
2320 126222.00
2321 115539.00
2322 104904.00
2323 93039.00
2324 83526.00
2325 83593.00
2326 83759.00
2327 84061.00
2328 83798.00
2329 83467.00
2330 83804.00
2331 83842.00
2332 83977.00
2333 84518.00
2334 83868.00
2335 84043.00
2336 83595.00
2337 83654.00
2338 84014.00
2339 84056.00
2340 197864.00
2341 186038.00
2342 174004.00
2343 162837.00
2344 153295.00
2345 142098.00
2346 134012.00
2347 124492.00
2348 113783.00
2349 102673.00
2350 91698.00
2351 84426.00
2352 84058.00
2353 83701.00
2354 83785.00
2355 83633.00
2356 83671.00
2357 83722.00
2358 85147.00
2359 84705.00
2360 83729.00
2361 83666.00
2362 83701.00
2363 83477.00
2364 83596.00
2365 83880.00
2366 84231.00
2367 83842.00
2368 84630.00
2369 83991.00
2370 83694.00
2371 83799.00
2372 84071.00
2373 83660.00
2374 93626.00
2375 83502.00
2376 83707.00
2377 83260.00
2378 83667.00
2379 84000.00
2380 83867.00
2381 83674.00
2382 83814.00
2383 87074.00
2384 208131.00
2385 198327.00
2386 187117.00
2387 175503.00
2388 165008.00
2389 153543.00
2390 215054.00
2391 203217.00
2392 191547.00
2393 179453.00
2394 167723.00
2395 156335.00
2396 145253.00
2397 134340.00
2398 125502.00
2399 114481.00
2400 102812.00
2401 91513.00
2402 83683.00
2403 84090.00
2404 83731.00
2405 84068.00
2406 84148.00
2407 83670.00
2408 83802.00
2409 83666.00
2410 98753.00
2411 88941.00
2412 83608.00
2413 83711.00
2414 84987.00
2415 83371.00
2416 84188.00
2417 83819.00
2418 84435.00
2419 83647.00
2420 83312.00
2421 83683.00
2422 83787.00
2423 83644.00
2424 83479.00
2425 83630.00
2426 83412.00
2427 83634.00
2428 83423.00
2429 83718.00
2430 84038.00
2431 83871.00
2432 84976.00
2433 84092.00
2434 83868.00
2435 83696.00
2436 83801.00
2437 83379.00
2438 84083.00
2439 195752.00
2440 183940.00
2441 172145.00
2442 160498.00
2443 152732.00
2444 140674.00
2445 129922.00
2446 120094.00
2447 114407.00
2448 102575.00
2449 92342.00
2450 91785.00
2451 86168.00
2452 83744.00
2453 83798.00
2454 84775.00
2455 83560.00
2456 83844.00
2457 84169.00
2458 83492.00
2459 83919.00
2460 83645.00
2461 98303.00
2462 86228.00
2463 83950.00
2464 83506.00
2465 83886.00
2466 83644.00
2467 83764.00
2468 83333.00
2469 83773.00
2470 84094.00
2471 83950.00
2472 83667.00
2473 83780.00
2474 84357.00
2475 84187.00
2476 84334.00
2477 83876.00
2478 83481.00
2479 83560.00
2480 83480.00
2481 83749.00
2482 86537.00
2483 83627.00
2484 83763.00
2485 83638.00
2486 83990.00
2487 83836.00
2488 85392.00
2489 89272.00
2490 83861.00
2491 83426.00
2492 83946.00
2493 83587.00
2494 84174.00
2495 83881.00
2496 84141.00
2497 84331.00
2498 83589.00
2499 83863.00
2500 83657.00
2501 83601.00
2502 83662.00
2503 84716.00
2504 83807.00
2505 83480.00
2506 83562.00
2507 83839.00
2508 83924.00
2509 83753.00
2510 83841.00
2511 84184.00
2512 83519.00
2513 83646.00
2514 83732.00
2515 83650.00
2516 83760.00
2517 84014.00
2518 89558.00
2519 84007.00
2520 83620.00
2521 83461.00
2522 83744.00
2523 306866.00
2524 295978.00
2525 284250.00
2526 272528.00
2527 260767.00
2528 249296.00
2529 238781.00
2530 227312.00
2531 215331.00
2532 203594.00
2533 193700.00
2534 188113.00
2535 176305.00
2536 164542.00
2537 152805.00
2538 140856.00
2539 129604.00
2540 117580.00
2541 105884.00
2542 94044.00
2543 83580.00
2544 96811.00
2545 87683.00
2546 83409.00
2547 86197.00
2548 84055.00
2549 83715.00
2550 84904.00
2551 84407.00
2552 97128.00
2553 86280.00
2554 84647.00
2555 107056.00
2556 95564.00
2557 83560.00
2558 85470.00
2559 84086.00
2560 84228.00
2561 84065.00
2562 83658.00
2563 83810.00
2564 83825.00
2565 84858.00
2566 83667.00
2567 83849.00
2568 84032.00
2569 83702.00
2570 83738.00
2571 85106.00
2572 84141.00
2573 83476.00
2574 122366.00
2575 113473.00
2576 106697.00
2577 95878.00
2578 84209.00
2579 83917.00
2580 83707.00
2581 83838.00
2582 83388.00
2583 83507.00
2584 83787.00
2585 84174.00
2586 83496.00
2587 83788.00
2588 83853.00
2589 83477.00
2590 84283.00
2591 84289.00
2592 83962.00
2593 84756.00
2594 84062.00
2595 83751.00
2596 83789.00
2597 83656.00
2598 83714.00
2599 83597.00
2600 83429.00
2601 83792.00
2602 89603.00
2603 83654.00
2604 83819.00
2605 83933.00
2606 84669.00
2607 83884.00
2608 83928.00
2609 90695.00
2610 91750.00
2611 83402.00
2612 83746.00
2613 83634.00
2614 83507.00
2615 84022.00
2616 86051.00
2617 84144.00
2618 89238.00
2619 83873.00
2620 83428.00
2621 83760.00
2622 83838.00
2623 84396.00
2624 201374.00
2625 191130.00
2626 179315.00
2627 168276.00
2628 170090.00
2629 162821.00
2630 151031.00
2631 140054.00
2632 128990.00
2633 126947.00
2634 114927.00
2635 103186.00
2636 91749.00
2637 83467.00
2638 83517.00
2639 83871.00
2640 83736.00
2641 83851.00
2642 83903.00
2643 83489.00
2644 83864.00
2645 94035.00
2646 83716.00
2647 83480.00
2648 83871.00
2649 83665.00
2650 83855.00
2651 83418.00
2652 83741.00
2653 84112.00
2654 83967.00
2655 83791.00
2656 84103.00
2657 86747.00
2658 83813.00
2659 84452.00
2660 83444.00
2661 83811.00
2662 83874.00
2663 83496.00
2664 83880.00
2665 83942.00
2666 83739.00
2667 83772.00
2668 83884.00
2669 83705.00
2670 83647.00
2671 83488.00
2672 83785.00
2673 84056.00
2674 84147.00
2675 88165.00
2676 83638.00
2677 83488.00
2678 84127.00
2679 83954.00
2680 83561.00
2681 83818.00
2682 83734.00
2683 83901.00
2684 83650.00
2685 83965.00
2686 110665.00
2687 100526.00
2688 91050.00
2689 83770.00
2690 84174.00
2691 84202.00
2692 83821.00
2693 83878.00
2694 83665.00
2695 83787.00
2696 84019.00
2697 83536.00
2698 83503.00
2699 84017.00
2700 83744.00
2701 83629.00
2702 83996.00
2703 83831.00
2704 84154.00
2705 83939.00
2706 83544.00
2707 83968.00
2708 83700.00
2709 84504.00
2710 84118.00
2711 83501.00
2712 83765.00
2713 92978.00
2714 83969.00
2715 84097.00
2716 83699.00
2717 83350.00
2718 83671.00
2719 83691.00
2720 84061.00
2721 84249.00
2722 86005.00
2723 84125.00
2724 83924.00
2725 83794.00
2726 83792.00
2727 89110.00
2728 84054.00
2729 83737.00
2730 83799.00
2731 83371.00
2732 83664.00
2733 84020.00
2734 188851.00
2735 176994.00
2736 165872.00
2737 177669.00
2738 166667.00
2739 154681.00
2740 167672.00
2741 157214.00
2742 847876.00
2743 836828.00
2744 825325.00
2745 814778.00
2746 810327.00
2747 799763.00
2748 790960.00
2749 781075.00
2750 772369.00
2751 760688.00
2752 749436.00
2753 739541.00
2754 760168.00
2755 748384.00
2756 736660.00
2757 725853.00
2758 713848.00
2759 702131.00
2760 690385.00
2761 679676.00
2762 670097.00
2763 660230.00
2764 649237.00
2765 639208.00
2766 630004.00
2767 620392.00
2768 626970.00
2769 783577.00
2770 771496.00
2771 763249.00
2772 751210.00
2773 740171.00
2774 729171.00
2775 717501.00
2776 706218.00
2777 702493.00
2778 691383.00
2779 679841.00
2780 668172.00
2781 656209.00
2782 645979.00
2783 634959.00
2784 624223.00
2785 612455.00
2786 600833.00
2787 589798.00
2788 578028.00
2789 576142.00
2790 567360.00
2791 555377.00
2792 544249.00
2793 532823.00
2794 528459.00
2795 516702.00
2796 506457.00
2797 496187.00
2798 484444.00
2799 472829.00
2800 461286.00
2801 451742.00
2802 440936.00
2803 429754.00
2804 417811.00
2805 405992.00
2806 394269.00
2807 382504.00
2808 370974.00
2809 360525.00
2810 349749.00
2811 337985.00
2812 326220.00
2813 317749.00
2814 306332.00
2815 298684.00
2816 286992.00
2817 274910.00
2818 263728.00
2819 252964.00
2820 242443.00
2821 230680.00
2822 218705.00
2823 207455.00
2824 198952.00
2825 188177.00
2826 179453.00
2827 172580.00
2828 162502.00
2829 150634.00
2830 138913.00
2831 127337.00
2832 115726.00
2833 103681.00
2834 93894.00
2835 83699.00
2836 83839.00
2837 83664.00
2838 83718.00
2839 83560.00
2840 84557.00
2841 83768.00
2842 84075.00
2843 83671.00
2844 83929.00
2845 83979.00
2846 84390.00
2847 84120.00
2848 84050.00
2849 84002.00
2850 83798.00
2851 83966.00
2852 83982.00
2853 83845.00
2854 83637.00
2855 83734.00
2856 84086.00
2857 83657.00
2858 84007.00
2859 142988.00
2860 131144.00
2861 123679.00
2862 111735.00
2863 100412.00
2864 90878.00
2865 83845.00
2866 83462.00
2867 83596.00
2868 84057.00
2869 83996.00
2870 83757.00
2871 83602.00
2872 86090.00
2873 83509.00
2874 83647.00
2875 83721.00
2876 83295.00
2877 83763.00
2878 83723.00
2879 84101.00
2880 83376.00
2881 83742.00
2882 84051.00
2883 84108.00
2884 83852.00
2885 83671.00
2886 87390.00
2887 84161.00
2888 198498.00
2889 188397.00
2890 177453.00
2891 170354.00
2892 158889.00
2893 148824.00
2894 196053.00
2895 184074.00
2896 174077.00
2897 163743.00
2898 151944.00
2899 141515.00
2900 129845.00
2901 118242.00
2902 106763.00
2903 94949.00
2904 83470.00
2905 83387.00
2906 83663.00
2907 84737.00
2908 83677.00
2909 106639.00
2910 99745.00
2911 88039.00
2912 83980.00
2913 83330.00
2914 84309.00
2915 83756.00
2916 83768.00
2917 83341.00
2918 83915.00
2919 83988.00
2920 84627.00
2921 83717.00
2922 83807.00
2923 97530.00
2924 86417.00
2925 83631.00
2926 83762.00
2927 83565.00
2928 83314.00
2929 83740.00
2930 83319.00
2931 83391.00
2932 83694.00
2933 83815.00
2934 84749.00
2935 83793.00
2936 83895.00
2937 84379.00
2938 83502.00
2939 91287.00
2940 83408.00
2941 83632.00
2942 84173.00
2943 83734.00
2944 83879.00
2945 122863.00
2946 110849.00
2947 99130.00
2948 88124.00
2949 83802.00
2950 84138.00
2951 83686.00
2952 83786.00
2953 83968.00
2954 83452.00
2955 83930.00
2956 83971.00
2957 84195.00
2958 83883.00
2959 129852.00
2960 157595.00
2961 184757.00
2962 178961.00
2963 168005.00
2964 156380.00
2965 145376.00
2966 133453.00
2967 121655.00
2968 139980.00
2969 140619.00
2970 130458.00
2971 120404.00
2972 108681.00
2973 159152.00
2974 173314.00
2975 187475.00
2976 185065.00
2977 173362.00
2978 162302.00
2979 150448.00
2980 140232.00
2981 128601.00
2982 118266.00
2983 106473.00
2984 95554.00
2985 84357.00
2986 83757.00
2987 83731.00
2988 84113.00
2989 83513.00
2990 84075.00
2991 83736.00
2992 83908.00
2993 83692.00
2994 83800.00
2995 83918.00
2996 83819.00
2997 83570.00
2998 83698.00
2999 83341.00
3000 83657.00
3001 83800.00
3002 83329.00
3003 83701.00
3004 83953.00
3005 83995.00
3006 83760.00
3007 84053.00
3008 84191.00
3009 83918.00
3010 83793.00
3011 84108.00
3012 83863.00
3013 83762.00
3014 83598.00
3015 83664.00
3016 83597.00
3017 84132.00
3018 83890.00
3019 83984.00
3020 83639.00
3021 83845.00
3022 84101.00
3023 83729.00
3024 83836.00
3025 83953.00
3026 83589.00
3027 83669.00
3028 83697.00
3029 83524.00
3030 83743.00
3031 83468.00
3032 83740.00
3033 83891.00
3034 83734.00
3035 83870.00
3036 83484.00
3037 83718.00
3038 83837.00
3039 84660.00
3040 83722.00
3041 83757.00
3042 84092.00
3043 83588.00
3044 83887.00
3045 84217.00
3046 85810.00
3047 83908.00
3048 84025.00
3049 84799.00
3050 83920.00
3051 83746.00
3052 83821.00
3053 83690.00
3054 83442.00
3055 83790.00
3056 83447.00
3057 193178.00
3058 211448.00
3059 207289.00
3060 198226.00
3061 186547.00
3062 174991.00
3063 163258.00
3064 151337.00
3065 139875.00
3066 127857.00
3067 116410.00
3068 105592.00
3069 94919.00
3070 83922.00
3071 84278.00
3072 83823.00
3073 83407.00
3074 83889.00
3075 83897.00
3076 83843.00
3077 83410.00
3078 83793.00
3079 84043.00
3080 83471.00
3081 83612.00
3082 84181.00
3083 84044.00
3084 213051.00
3085 201141.00
3086 189226.00
3087 177421.00
3088 166717.00
3089 154748.00
3090 143304.00
3091 133778.00
3092 122480.00
3093 110705.00
3094 99231.00
3095 87268.00
3096 83970.00
3097 83541.00
3098 83634.00
3099 84008.00
3100 84090.00
3101 85156.00
3102 83930.00
3103 83863.00
3104 83916.00
3105 84611.00
3106 83854.00
3107 83952.00
3108 83940.00
3109 84040.00
3110 83368.00
3111 83801.00
3112 84143.00
3113 83840.00
3114 83465.00
3115 83823.00
3116 84011.00
3117 83537.00
3118 85802.00
3119 83439.00
3120 83220.00
3121 83862.00
3122 83951.00
3123 83817.00
3124 84425.00
3125 83965.00
3126 84808.00
3127 83729.00
3128 83527.00
3129 83612.00
3130 83274.00
3131 83676.00
3132 83870.00
3133 84163.00
3134 83491.00
3135 87086.00
3136 83926.00
3137 83549.00
3138 83802.00
3139 83981.00
3140 83802.00
3141 83695.00
3142 83746.00
3143 83840.00
3144 83674.00
3145 83604.00
3146 83949.00
3147 93569.00
3148 84990.00
3149 83839.00
3150 83914.00
3151 83587.00
3152 83579.00
3153 83897.00
3154 87983.00
3155 83691.00
3156 83504.00
3157 83305.00
3158 83674.00
3159 83688.00
3160 83806.00
3161 83628.00
3162 83439.00
3163 83707.00
3164 84065.00
3165 84697.00
3166 83948.00
3167 84053.00
3168 84013.00
3169 84072.00
3170 83926.00
3171 83633.00
3172 96213.00
3173 84915.00
3174 84381.00
3175 85867.00
3176 83979.00
3177 83831.00
3178 83689.00
3179 83558.00
3180 84050.00
3181 84231.00
3182 199289.00
3183 190879.00
3184 180898.00
3185 168958.00
3186 160429.00
3187 149350.00
3188 138070.00
3189 126895.00
3190 117402.00
3191 106469.00
3192 96604.00
3193 85105.00
3194 84455.00
3195 84846.00
3196 83459.00
3197 83733.00
3198 84889.00
3199 83475.00
3200 83837.00
3201 84174.00
3202 83732.00
3203 83580.00
3204 83871.00
3205 83529.00
3206 83620.00
3207 83676.00
3208 83982.00
3209 83696.00
3210 83934.00
3211 85200.00
3212 83608.00
3213 83946.00
3214 84084.00
3215 83625.00
3216 83703.00
3217 83662.00
3218 83791.00
3219 83500.00
3220 83634.00
3221 83809.00
3222 83354.00
3223 83709.00
3224 83992.00
3225 84019.00
3226 83709.00
3227 83962.00
3228 84219.00
3229 84067.00
3230 83761.00
3231 84083.00
3232 85687.00
3233 84113.00
3234 84307.00
3235 84019.00
3236 83376.00
3237 83874.00
3238 83907.00
3239 86100.00
3240 83885.00
3241 84004.00
3242 90726.00
3243 115449.00
3244 105421.00
3245 111739.00
3246 100894.00
3247 90674.00
3248 83604.00
3249 83427.00
3250 83766.00
3251 83833.00
3252 83931.00
3253 83798.00
3254 84583.00
3255 83773.00
3256 83389.00
3257 83668.00
3258 83655.00
3259 83279.00
3260 83492.00
3261 83836.00
3262 84370.00
3263 83649.00
3264 83768.00
3265 84125.00
3266 83697.00
3267 83743.00
3268 217864.00
3269 208216.00
3270 198956.00
3271 186863.00
3272 175338.00
3273 163725.00
3274 152955.00
3275 142551.00
3276 131830.00
3277 122439.00
3278 112176.00
3279 101623.00
3280 90113.00
3281 83771.00
3282 83945.00
3283 83427.00
3284 84290.00
3285 84671.00
3286 87282.00
3287 83883.00
3288 83676.00
3289 84069.00
3290 83966.00
3291 83748.00
3292 84055.00
3293 83898.00
3294 83751.00
3295 84378.00
3296 83469.00
3297 83465.00
3298 97579.00
3299 86803.00
3300 83729.00
3301 83782.00
3302 84215.00
3303 83702.00
3304 103613.00
3305 94823.00
3306 87310.00
3307 83897.00
3308 83710.00
3309 83784.00
3310 83426.00
3311 85906.00
3312 84763.00
3313 83801.00
3314 84374.00
3315 83866.00
3316 83977.00
3317 83718.00
3318 83845.00
3319 83647.00
3320 83589.00
3321 83681.00
3322 84338.00
3323 83452.00
3324 85493.00
3325 83627.00
3326 83972.00
3327 83559.00
3328 83633.00
3329 84046.00
3330 83861.00
3331 83651.00
3332 83795.00
3333 84468.00
3334 83764.00
3335 83797.00
3336 83948.00
3337 85946.00
3338 84025.00
3339 84186.00
3340 83755.00
3341 83821.00
3342 83741.00
3343 83760.00
3344 84104.00
3345 83753.00
3346 90457.00
3347 88753.00
3348 83426.00
3349 83533.00
3350 83359.00
3351 83663.00
3352 83739.00
3353 83870.00
3354 95132.00
3355 86206.00
3356 83665.00
3357 83565.00
3358 83789.00
3359 84086.00
3360 83265.00
3361 140778.00
3362 136182.00
3363 129094.00
3364 117108.00
3365 223885.00
3366 212096.00
3367 206364.00
3368 201753.00
3369 193162.00
3370 192848.00
3371 181311.00
3372 169583.00
3373 158553.00
3374 147791.00
3375 136132.00
3376 124340.00
3377 116007.00
3378 104269.00
3379 92553.00
3380 83797.00
3381 83714.00
3382 83774.00
3383 101226.00
3384 91379.00
3385 83746.00
3386 83774.00
3387 84008.00
3388 83638.00
3389 98002.00
3390 86435.00
3391 83632.00
3392 83661.00
3393 83807.00
3394 83543.00
3395 83730.00
3396 83998.00
3397 83963.00
3398 83739.00
3399 83806.00
3400 83883.00
3401 83653.00
3402 83611.00
3403 84000.00
3404 83979.00
3405 83804.00
3406 87416.00
3407 83919.00
3408 83570.00
3409 83642.00
3410 83717.00
3411 83628.00
3412 83790.00
3413 83632.00
3414 83371.00
3415 84153.00
3416 83887.00
3417 83818.00
3418 83681.00
3419 83490.00
3420 83885.00
3421 83422.00
3422 83539.00
3423 83635.00
3424 83966.00
3425 83530.00
3426 84237.00
3427 135306.00
3428 122940.00
3429 111475.00
3430 100511.00
3431 88965.00
3432 83441.00
3433 83884.00
3434 83941.00
3435 83824.00
3436 83658.00
3437 95097.00
3438 83533.00
3439 83631.00
3440 83711.00
3441 83392.00
3442 83964.00
3443 84059.00
3444 84112.00
3445 83728.00
3446 83915.00
3447 83635.00
3448 84786.00
3449 83996.00
3450 83676.00
3451 84047.00
3452 83807.00
3453 83675.00
3454 83483.00
3455 83354.00
3456 83447.00
3457 83808.00
3458 83388.00
3459 83764.00
3460 83895.00
3461 84150.00
3462 83802.00
3463 83782.00
3464 84290.00
3465 83745.00
3466 83929.00
3467 83622.00
3468 83479.00
3469 85617.00
3470 83966.00
3471 83996.00
3472 88593.00
3473 83982.00
3474 83808.00
3475 89934.00
3476 83828.00
3477 84805.00
3478 83329.00
3479 83451.00
3480 87524.00
3481 85445.00
3482 83712.00
3483 83865.00
3484 83832.00
3485 202104.00
3486 190412.00
3487 178363.00
3488 168353.00
3489 156487.00
3490 152279.00
3491 140665.00
3492 128998.00
3493 119984.00
3494 107903.00
3495 96467.00
3496 84544.00
3497 755246.00
3498 744202.00
3499 732452.00
3500 720993.00
3501 708965.00
3502 697212.00
3503 713372.00
3504 703605.00
3505 692152.00
3506 680322.00
3507 668584.00
3508 656866.00
3509 649580.00
3510 640008.00
3511 628285.00
3512 616499.00
3513 605759.00
3514 594306.00
3515 582313.00
3516 571082.00
3517 559098.00
3518 547314.00
3519 537095.00
3520 527061.00
3521 515076.00
3522 504054.00
3523 625927.00
3524 628051.00
3525 634027.00
3526 623193.00
3527 611199.00
3528 600163.00
3529 588765.00
3530 577004.00
3531 567979.00
3532 557209.00
3533 550606.00
3534 538655.00
3535 529220.00
3536 517192.00
3537 505962.00
3538 493941.00
3539 482405.00
3540 471260.00
3541 459685.00
3542 447535.00
3543 436073.00
3544 431260.00
3545 422486.00
3546 413450.00
3547 402338.00
3548 391417.00
3549 379878.00
3550 367833.00
3551 358349.00
3552 346334.00
3553 334624.00
3554 350498.00
3555 339475.00
3556 327707.00
3557 315953.00
3558 343482.00
3559 332274.00
3560 322459.00
3561 310916.00
3562 299851.00
3563 290574.00
3564 278910.00
3565 267128.00
3566 258331.00
3567 246615.00
3568 243484.00
3569 231987.00
3570 220299.00
3571 211739.00
3572 201459.00
3573 189781.00
3574 178521.00
3575 179366.00
3576 189096.00
3577 193849.00
3578 182277.00
3579 171291.00
3580 160303.00
3581 148481.00
3582 137797.00
3583 127346.00
3584 116368.00
3585 104666.00
3586 93615.00
3587 84143.00
3588 83975.00
3589 84249.00
3590 83591.00
3591 83998.00
3592 128570.00
3593 140747.00
3594 129848.00
3595 120718.00
3596 109527.00
3597 113580.00
3598 103236.00
3599 97212.00
3600 89115.00
3601 83530.00
3602 120964.00
3603 110571.00
3604 98845.00
3605 87559.00
3606 84032.00
3607 83603.00
3608 83725.00
3609 83866.00
3610 83410.00
3611 83839.00
3612 83512.00
3613 83935.00
3614 83768.00
3615 83580.00
3616 83902.00
3617 83828.00
3618 83594.00
3619 83660.00
3620 91116.00
3621 85774.00
3622 83590.00
3623 83319.00
3624 83580.00
3625 83674.00
3626 83770.00
3627 83605.00
3628 83970.00
3629 84054.00
3630 83986.00
3631 83814.00
3632 83820.00
3633 83972.00
3634 83872.00
3635 83672.00
3636 83822.00
3637 83594.00
3638 83439.00
3639 83817.00
3640 83391.00
3641 83647.00
3642 83739.00
3643 83825.00
3644 177346.00
3645 165859.00
3646 359896.00
3647 349484.00
3648 337834.00
3649 326995.00
3650 315756.00
3651 305281.00
3652 293280.00
3653 282061.00
3654 269961.00
3655 261207.00
3656 249824.00
3657 237728.00
3658 226245.00
3659 214560.00
3660 202511.00
3661 192042.00
3662 180615.00
3663 172201.00
3664 163450.00
3665 151678.00
3666 139961.00
3667 128245.00
3668 116906.00
3669 104873.00
3670 95274.00
3671 84061.00
3672 83569.00
3673 83727.00
3674 83281.00
3675 83420.00
3676 83463.00
3677 84250.00
3678 92554.00
3679 84404.00
3680 84049.00
3681 83469.00
3682 83795.00
3683 83837.00
3684 83406.00
3685 83783.00
3686 83897.00
3687 84401.00
3688 83763.00
3689 83384.00
3690 83714.00
3691 83770.00
3692 85388.00
3693 84027.00
3694 93436.00
3695 83795.00
3696 83750.00
3697 83894.00
3698 83462.00
3699 83729.00
3700 83826.00
3701 83456.00
3702 83599.00
3703 83965.00
3704 83981.00
3705 83818.00
3706 83694.00
3707 83850.00
3708 83845.00
3709 83955.00
3710 83773.00
3711 83371.00
3712 83426.00
3713 83764.00
3714 83912.00
3715 83619.00
3716 83648.00
3717 84191.00
3718 87130.00
3719 83773.00
3720 84209.00
3721 83548.00
3722 84357.00
3723 84272.00
3724 83814.00
3725 83798.00
3726 83724.00
3727 83681.00
3728 83598.00
3729 83699.00
3730 83734.00
3731 84322.00
3732 83680.00
3733 83778.00
3734 83870.00
3735 83487.00
3736 83541.00
3737 96996.00
3738 85526.00
3739 83689.00
3740 84338.00
3741 83390.00
3742 84172.00
3743 83729.00
3744 83769.00
3745 83735.00
3746 84062.00
3747 83917.00
3748 84249.00
3749 83561.00
3750 83874.00
3751 84016.00
3752 83568.00
3753 83847.00
3754 83461.00
3755 83551.00
3756 85167.00
3757 84074.00
3758 83826.00
3759 83890.00
3760 84049.00
3761 84092.00
3762 83675.00
3763 83500.00
3764 83866.00
3765 83461.00
3766 83610.00
3767 83923.00
3768 83990.00
3769 83699.00
3770 83950.00
3771 84024.00
3772 83528.00
3773 83987.00
3774 83711.00
3775 85518.00
3776 83661.00
3777 83941.00
3778 83802.00
3779 83675.00
3780 83508.00
3781 83557.00
3782 95269.00
3783 88952.00
3784 83849.00
3785 83930.00
3786 83820.00
3787 83890.00
3788 83990.00
3789 83579.00
3790 83646.00
3791 84025.00
3792 83644.00
3793 83753.00
3794 83520.00
3795 83948.00
3796 83831.00
3797 84079.00
3798 83943.00
3799 83765.00
3800 83570.00
3801 83749.00
3802 199594.00
3803 187968.00
3804 177067.00
3805 169475.00
3806 166650.00
3807 156087.00
3808 146552.00
3809 136148.00
3810 124592.00
3811 113576.00
3812 101563.00
3813 90205.00
3814 83557.00
3815 83961.00
3816 83750.00
3817 83633.00
3818 83728.00
3819 83811.00
3820 84098.00
3821 83894.00
3822 84104.00
3823 83658.00
3824 91913.00
3825 86804.00
3826 83745.00
3827 83817.00
3828 83840.00
3829 83380.00
3830 83724.00
3831 193055.00
3832 191615.00
3833 181267.00
3834 173499.00
3835 164741.00
3836 153229.00
3837 141776.00
3838 130497.00
3839 118528.00
3840 107039.00
3841 97259.00
3842 87528.00
3843 83624.00
3844 83688.00
3845 83802.00
3846 83674.00
3847 83738.00
3848 84029.00
3849 83955.00
3850 88731.00
3851 84104.00
3852 142926.00
3853 135119.00
3854 123033.00
3855 115762.00
3856 103988.00
3857 95702.00
3858 89519.00
3859 84566.00
3860 83692.00
3861 83792.00
3862 84161.00
3863 83530.00
3864 90824.00
3865 83709.00
3866 83336.00
3867 83485.00
3868 83513.00
3869 87776.00
3870 83821.00
3871 83574.00
3872 83638.00
3873 84182.00
3874 83650.00
3875 83603.00
3876 83284.00
3877 83594.00
3878 83687.00
3879 83920.00
3880 83431.00
3881 93395.00
3882 91465.00
3883 84078.00
3884 83930.00
3885 84052.00
3886 83862.00
3887 89174.00
3888 92177.00
3889 83659.00
3890 83775.00
3891 83675.00
3892 83673.00
3893 83389.00
3894 83693.00
3895 83713.00
3896 84162.00
3897 83735.00
3898 83781.00
3899 83809.00
3900 83406.00
3901 83730.00
3902 84041.00
3903 83359.00
3904 83784.00
3905 83330.00
3906 83947.00
3907 83324.00
3908 83578.00
3909 84700.00
3910 83497.00
3911 84140.00
3912 83714.00
3913 83262.00
3914 83659.00
3915 83766.00
3916 99922.00
3917 88876.00
3918 83684.00
3919 83898.00
3920 83408.00
3921 83733.00
3922 84102.00
3923 83857.00
3924 83761.00
3925 83573.00
3926 83704.00
3927 83560.00
3928 197506.00
3929 185943.00
3930 174459.00
3931 163277.00
3932 151230.00
3933 139707.00
3934 129218.00
3935 118233.00
3936 106735.00
3937 95744.00
3938 83703.00
3939 83525.00
3940 83433.00
3941 83516.00
3942 83950.00
3943 83770.00
3944 84114.00
3945 83466.00
3946 83895.00
3947 84197.00
3948 83756.00
3949 83853.00
3950 84097.00
3951 84093.00
3952 83782.00
3953 83859.00
3954 83482.00
3955 83861.00
3956 83884.00
3957 83561.00
3958 83785.00
3959 83900.00
3960 108005.00
3961 100833.00
3962 88827.00
3963 83750.00
3964 83556.00
3965 83524.00
3966 83819.00
3967 83347.00
3968 83452.00
3969 83538.00
3970 83869.00
3971 83683.00
3972 83562.00
3973 107105.00
3974 95419.00
3975 84190.00
3976 84008.00
3977 83526.00
3978 83716.00
3979 83914.00
3980 83922.00
3981 83706.00
3982 83571.00
3983 83864.00
3984 83467.00
3985 83538.00
3986 83911.00
3987 83952.00
3988 84598.00
3989 83892.00
3990 84676.00
3991 83579.00
3992 83629.00
3993 83818.00
3994 83611.00
3995 83712.00
3996 83536.00
3997 83553.00
3998 83405.00
3999 83828.00
