4000
0 97664.00
1 102933.00
2 106121.00
3 111862.00
4 115097.00
5 120053.00
6 124107.00
7 127183.00
8 131319.00
9 134652.00
10 140287.00
11 144441.00
12 148419.00
13 154001.00
14 158328.00
15 163350.00
16 167892.00
17 173567.00
18 179360.00
19 183140.00
20 188404.00
21 191446.00
22 198193.00
23 206456.00
24 211489.00
25 223820.00
26 228543.00
27 234654.00
28 240169.00
29 248480.00
30 254174.00
31 261198.00
32 264495.00
33 271471.00
34 276209.00
35 282253.00
36 287981.00
37 292038.00
38 295327.00
39 300616.00
40 310027.00
41 314061.00
42 319380.00
43 323630.00
44 329169.00
45 333691.00
46 340368.00
47 348588.00
48 354708.00
49 359399.00
50 373113.00
51 380102.00
52 396159.00
53 399804.00
54 403080.00
55 407140.00
56 413766.00
57 418643.00
58 423440.00
59 428209.00
60 436166.00
61 506830.00
62 509734.00
63 523160.00
64 526944.00
65 531253.00
66 536035.00
67 541661.00
68 546330.00
69 551070.00
70 561166.00
71 570771.00
72 574016.00
73 577116.00
74 581968.00
75 585907.00
76 590741.00
77 624079.00
78 627762.00
79 640478.00
80 648015.00
81 653225.00
82 656756.00
83 661790.00
84 667600.00
85 671838.00
86 677137.00
87 682074.00
88 814986.00
89 819311.00
90 824108.00
91 828114.00
92 840035.00
93 844320.00
94 853068.00
95 858114.00
96 862631.00
97 867315.00
98 871526.00
99 875915.00
100 879597.00
101 882786.00
102 886354.00
103 890358.00
104 893914.00
105 898948.00
106 906533.00
107 910806.00
108 914147.00
109 920447.00
110 924318.00
111 930077.00
112 933372.00
113 937710.00
114 942761.00
115 947474.00
116 953793.00
117 957643.00
118 962075.00
119 966886.00
120 970976.00
121 977052.00
122 982932.00
123 989812.00
124 999886.00
125 1007141.00
126 1014342.00
127 1018404.00
128 1024395.00
129 1032385.00
130 1037103.00
131 1040091.00
132 1044440.00
133 1050173.00
134 1054826.00
135 1058322.00
136 1063535.00
137 1071288.00
138 1075017.00
139 1094758.00
140 1098984.00
141 1102753.00
142 1107266.00
143 1113490.00
144 1117467.00
145 1121603.00
146 1125495.00
147 1131729.00
148 1135847.00
149 1144204.00
150 1148247.00
151 1153333.00
152 1156976.00
153 1160261.00
154 1163189.00
155 1169241.00
156 1173803.00
157 1178533.00
158 1182773.00
159 1188967.00
160 1193301.00
161 1197202.00
162 1210211.00
163 1213871.00
164 1223300.00
165 1228052.00
166 1233528.00
167 1236795.00
168 1241006.00
169 1248247.00
170 1253221.00
171 1260871.00
172 1265876.00
173 1270603.00
174 1276596.00
175 1285118.00
176 1289889.00
177 1293875.00
178 1300726.00
179 1306266.00
180 1310514.00
181 1314331.00
182 1318561.00
183 1324085.00
184 1327962.00
185 1333010.00
186 1339346.00
187 1343579.00
188 1350861.00
189 1356932.00
190 1361943.00
191 1365749.00
192 1369276.00
193 1375010.00
194 1384794.00
195 1388865.00
196 1393842.00
197 1401679.00
198 1407880.00
199 1417796.00
200 1423719.00
201 1434895.00
202 1439045.00
203 1442345.00
204 1447572.00
205 1453076.00
206 1457088.00
207 1463337.00
208 1468904.00
209 1473834.00
210 1477461.00
211 1481887.00
212 1493212.00
213 1499115.00
214 1504644.00
215 1510198.00
216 1516506.00
217 1522403.00
218 1527698.00
219 1538600.00
220 1542849.00
221 1546603.00
222 1554143.00
223 1558500.00
224 1565474.00
225 1596149.00
226 1599189.00
227 1605128.00
228 1611213.00
229 1615940.00
231 1617643.00
232 1625435.00
233 1631928.00
235 1631228.00
236 1639996.00
242 1623847.00
244 1626384.00
246 1627301.00
250 1618670.00
252 1753504.00
253 1760498.00
254 1766182.00
255 1772610.00
259 1763374.00
260 1768117.00
261 1771632.00
262 1775449.00
264 1775088.00
265 1778329.00
267 1776488.00
270 1770828.00
271 1774770.00
272 1778568.00
274 1776628.00
275 1780337.00
276 1783706.00
278 1781915.00
280 1780085.00
281 1784955.00
282 1789703.00
284 1790520.00
286 1790452.00
289 1785854.00
291 1786429.00
293 1785534.00
295 1784908.00
296 1788516.00
305 1756140.00
306 1760783.00
309 1756354.00
310 1762483.00
312 1763184.00
313 1769632.00
314 1776054.00
315 1780328.00
316 1785577.00
317 1788958.00
318 1795335.00
322 1789654.00
324 1791097.00
325 1800022.00
327 1798891.00
330 1793389.00
332 1808577.00
336 1800623.00
338 1801731.00
340 1805286.00
342 1808886.00
344 1811239.00
346 1814576.00
349 1809167.00
353 1797973.00
354 1802277.00
355 1807486.00
356 1812242.00
362 1793021.00
363 1796208.00
367 1785144.00
369 1784556.00
373 1775663.00
374 1782893.00
375 1786638.00
378 1782897.00
379 1786629.00
384 1776636.00
385 1781338.00
387 1781039.00
391 1770156.00
392 1774399.00
394 1773993.00
395 1778050.00
396 1783572.00
398 1782513.00
401 1776280.00
402 1779445.00
403 1782970.00
405 1781665.00
406 1784923.00
410 1777086.00
412 1776985.00
413 1780195.00
416 1773609.00
417 1776760.00
420 1770678.00
421 1776112.00
423 1776550.00
424 1781214.00
425 1788484.00
429 1781372.00
431 1780276.00
433 1780247.00
434 1785130.00
435 1790583.00
436 1794522.00
441 1781581.00
445 1772463.00
446 1780155.00
452 1760521.00
454 1760745.00
457 1753584.00
458 1760093.00
460 1759033.00
461 1765448.00
462 1769440.00
463 1774885.00
465 1773072.00
467 1771984.00
468 1775819.00
471 1770313.00
473 1769535.00
474 1773238.00
477 1781071.00
479 1783600.00
480 1787325.00
481 1791622.00
482 1796765.00
484 1796402.00
485 1806664.00
486 1834486.00
487 1839749.00
492 1824085.00
494 1823110.00
495 1828097.00
496 1832352.00
498 1832996.00
500 1833485.00
501 1837194.00
503 1836798.00
505 1835920.00
507 1836811.00
508 1840305.00
509 1844839.00
511 1843704.00
514 1837482.00
515 1841504.00
519 1832901.00
521 1832555.00
522 1836528.00
523 1839863.00
524 1844564.00
528 1836436.00
531 1832513.00
537 1814396.00
540 1809448.00
543 1805243.00
545 1805086.00
548 1798009.00
549 1802251.00
550 1805970.00
578 1672118.00
581 1666128.00
583 1665633.00
586 1661136.00
587 1666431.00
589 1667034.00
591 1666101.00
593 1668227.00
596 1663661.00
598 1662351.00
599 1669843.00
600 1673596.00
602 1673550.00
603 1677734.00
607 1668102.00
608 1672864.00
610 1670786.00
612 1669335.00
613 1675797.00
618 1661406.00
620 1663030.00
621 1667693.00
622 1672705.00
624 1674072.00
629 1660832.00
630 1665143.00
631 1668770.00
632 1673475.00
634 1678647.00
636 1679960.00
638 1680066.00
640 1679163.00
643 1674237.00
649 1654965.00
650 1659244.00
651 1665292.00
653 1664098.00
654 1668857.00
655 1674634.00
658 1671530.00
660 1671317.00
662 1669976.00
664 1669410.00
666 1668616.00
667 1672588.00
669 1671445.00
672 1666962.00
674 1667052.00
676 1667211.00
679 1661271.00
682 1787630.00
684 1787018.00
686 1866340.00
687 1869977.00
688 1873988.00
690 1871843.00
692 1877392.00
693 1881072.00
694 1884136.00
695 1888605.00
696 1893196.00
698 1892243.00
699 1895317.00
700 1899848.00
701 1902806.00
704 1896629.00
706 1894617.00
708 1894483.00
710 1895911.00
712 1895904.00
713 1899947.00
715 1901346.00
717 1903169.00
719 1903482.00
720 1911012.00
722 1929929.00
724 1931263.00
726 1933058.00
730 1927757.00
732 1927976.00
733 1932246.00
735 1930844.00
737 1929026.00
739 1927927.00
740 1934192.00
741 1940413.00
743 1940098.00
745 1938256.00
746 1953878.00
748 1952704.00
749 1962169.00
750 1969858.00
752 1972959.00
756 1967513.00
758 1968853.00
759 1977589.00
761 1981682.00
763 1980743.00
765 1978637.00
767 1976864.00
769 1977194.00
770 1982671.00
771 1989352.00
773 1987631.00
775 1987725.00
776 1993858.00
778 1994483.00
779 1998292.00
780 2002609.00
781 2006854.00
782 2011616.00
783 2015753.00
784 2021591.00
786 2021968.00
787 2027730.00
790 2020838.00
791 2025011.00
793 2024394.00
795 2024772.00
797 2026600.00
799 2025792.00
801 2028198.00
802 2031442.00
804 2030265.00
807 2024178.00
811 2017251.00
817 1999268.00
819 1999334.00
822 1994770.00
828 1974793.00
829 1980679.00
830 1988602.00
831 1992434.00
832 1997652.00
834 1997722.00
836 1997292.00
838 1996479.00
839 2002037.00
840 2006464.00
842 2004885.00
844 2003040.00
847 1997572.00
850 1991862.00
853 1988626.00
855 1988457.00
857 1986516.00
859 1985762.00
860 1989000.00
861 1992816.00
866 1979634.00
868 1977747.00
869 1986231.00
871 1985307.00
873 1986176.00
875 1984102.00
877 1985219.00
878 1989713.00
879 1993979.00
881 1994320.00
885 1984502.00
887 1984417.00
888 1989417.00
890 1988601.00
892 1989380.00
894 1988815.00
896 1987440.00
898 1985353.00
900 1984250.00
903 1980316.00
904 1984101.00
905 1989037.00
911 1967986.00
914 1962274.00
917 1956578.00
919 1954936.00
920 1957924.00
922 1957067.00
924 1957495.00
926 1958624.00
929 1953460.00
931 1952546.00
932 1955784.00
935 1950533.00
936 1956066.00
939 1950851.00
946 1957274.00
947 1961933.00
948 1966907.00
950 1965892.00
954 1955526.00
955 1959577.00
956 1966765.00
960 1957782.00
964 1947565.00
965 1952483.00
966 1959290.00
968 1957380.00
970 1956709.00
974 1955004.00
977 1949748.00
979 1950112.00
981 1950267.00
983 1950870.00
984 1954589.00
985 1959401.00
987 1962998.00
1015 1828456.00
1017 1826702.00
1034 1748708.00
1036 1747393.00
1038 1745279.00
1043 1730810.00
1044 1740778.00
1046 1742681.00
1048 1746665.00
1050 1745547.00
1051 1748879.00
1053 1749326.00
1055 1750469.00
1057 1749900.00
1058 1755784.00
1060 1756847.00
1062 1756551.00
1064 1881498.00
1066 1881878.00
1068 1895069.00
1069 1901193.00
1070 1906590.00
1073 1903410.00
1075 2680628.00
1077 2678915.00
1078 2681940.00
1083 2665092.00
1085 2663948.00
1087 2662919.00
1090 2657997.00
1092 2655785.00
1094 2653920.00
1096 2652782.00
1098 2651728.00
1099 2655265.00
1102 2648282.00
1104 2647944.00
1108 2636603.00
1112 2625342.00
1113 2629361.00
1116 2622136.00
1119 2615190.00
1121 2614903.00
1122 2775829.00
1124 2773833.00
1127 2766667.00
1129 2766335.00
1132 2759086.00
1135 2757616.00
1137 2756483.00
1139 2754526.00
1141 2754319.00
1144 2747832.00
1145 2751094.00
1147 2752191.00
1149 2750666.00
1152 2743489.00
1153 2746680.00
1155 2745099.00
1157 2743416.00
1159 2743007.00
1161 2741972.00
1162 2746438.00
1163 2750504.00
1165 2749217.00
1166 2752472.00
1167 2756176.00
1170 2755174.00
1172 2755157.00
1174 2758080.00
1177 2761717.00
1179 2782817.00
1181 2781276.00
1184 2776024.00
1186 2773714.00
1187 2778060.00
1188 2783843.00
1189 2793429.00
1190 2803964.00
1191 2807309.00
1193 2805211.00
1195 2803451.00
1200 2789793.00
1202 2788423.00
1204 2788612.00
1206 2789484.00
1208 2790858.00
1212 2784283.00
1214 2788795.00
1216 2790773.00
1218 2791033.00
1219 2795040.00
1220 2801012.00
1221 2805318.00
1223 2805369.00
1224 2808863.00
1225 2812661.00
1227 2811698.00
1231 2800611.00
1232 2804335.00
1234 2803721.00
1235 2810165.00
1237 2819232.00
1238 2824163.00
1241 2819082.00
1242 2827557.00
1243 2831333.00
1244 2842501.00
1245 2847650.00
1247 2848449.00
1252 2834897.00
1254 2835969.00
1255 2840274.00
1257 2838940.00
1260 2835681.00
1262 2833729.00
1264 2831786.00
1265 2837417.00
1266 2919096.00
1268 2917792.00
1270 2916804.00
1272 2917914.00
1274 2917997.00
1275 2921229.00
1277 2920031.00
1278 2924244.00
1279 2928865.00
1280 2932911.00
1281 2940531.00
1282 2945619.00
1283 2951300.00
1285 2954181.00
1286 2957209.00
1288 2955548.00
1290 2953845.00
1292 2954924.00
1294 2953481.00
1296 2952713.00
1298 2950507.00
1300 2950768.00
1301 2954786.00
1302 2959454.00
1304 2958522.00
1305 2963274.00
1306 2969859.00
1312 2951305.00
1314 2950745.00
1316 2950998.00
1318 2950653.00
1319 2956194.00
1320 2961206.00
1322 2961457.00
1324 2962870.00
1325 2967358.00
1326 2972375.00
1327 2977257.00
1328 2980151.00
1330 2978575.00
1334 2969440.00
1336 2968723.00
1337 2973524.00
1340 2967555.00
1341 2971307.00
1342 2979036.00
1344 2979643.00
1346 2979580.00
1348 2981438.00
1350 2982140.00
1352 2980372.00
1354 2980272.00
1356 2980760.00
1358 2980350.00
1359 2984397.00
1360 2989076.00
1361 2993317.00
1363 2992205.00
1365 2990345.00
1368 2983684.00
1369 2987862.00
1373 2976925.00
1375 2975823.00
1376 2980069.00
1381 2964074.00
1385 2953846.00
1387 2952691.00
1389 2951602.00
1390 2954866.00
1415 2836954.00
1417 2836387.00
1422 2820943.00
1424 2820137.00
1426 2819530.00
1429 2813518.00
1583 2037080.00
1584 2042609.00
1586 2061053.00
1588 2060659.00
1591 2207046.00
1593 2205976.00
1595 2205584.00
1598 2201228.00
1600 2200987.00
1602 2199908.00
1603 2205091.00
1605 2205162.00
1607 2215752.00
1609 2217879.00
1611 2216593.00
1612 2220740.00
1614 2218679.00
1648 2054939.00
1650 2052688.00
1654 2041643.00
1655 2045165.00
1658 2048669.00
1660 2048443.00
1661 2052431.00
1663 2051273.00
1664 2054592.00
1667 2050078.00
1668 2054778.00
1669 2058657.00
1670 2066492.00
1672 2066346.00
1674 2065129.00
1675 2071370.00
1677 2069991.00
1679 2068501.00
1681 2068983.00
1683 2067672.00
1684 2070906.00
1686 2069373.00
1688 2067443.00
1690 2068149.00
1692 2068376.00
1694 2068130.00
1697 2061499.00
1701 2050681.00
1707 2028379.00
1709 2027374.00
1710 2038217.00
1712 2038070.00
1714 2037736.00
1716 2037110.00
1719 2031974.00
1720 2035665.00
1722 2035553.00
1724 2034644.00
1725 2037788.00
1727 2035699.00
1728 2040051.00
1731 2036812.00
1733 2036856.00
1735 2039179.00
1737 2041258.00
1738 2050026.00
1740 2053685.00
1743 2049935.00
1745 2052727.00
1747 2050518.00
1749 2051782.00
1751 2052083.00
1753 2053292.00
1757 2046390.00
1758 2059289.00
1759 2063636.00
1760 2067131.00
1761 2072824.00
1764 2067952.00
1766 2068571.00
1767 2072693.00
1768 2076541.00
1772 2067599.00
1776 2056442.00
1779 2052497.00
1780 2059462.00
1783 2055887.00
1786 2049952.00
1787 2053917.00
1788 2058671.00
1789 2069116.00
1790 2072577.00
1792 2071748.00
1794 2069756.00
1796 2067897.00
1798 2069140.00
1800 2066956.00
1801 2070294.00
1803 2076114.00
1820 1998294.00
1822 1996753.00
1824 1996600.00
1826 2002759.00
1828 2002554.00
1830 2000607.00
1832 2000506.00
1833 2003438.00
1835 2007127.00
1837 2010917.00
1838 2017949.00
1846 1990610.00
1848 1991702.00
1850 1992836.00
1851 1997250.00
1852 2001328.00
1853 2006374.00
1855 2005215.00
1857 2004015.00
1859 2004112.00
1862 2000473.00
1864 1998925.00
1865 2003162.00
1866 2008970.00
1868 2007392.00
1869 2011937.00
1870 2028150.00
1873 2021562.00
1875 2020258.00
1881 2004394.00
1883 2003225.00
1885 2006611.00
1887 2005479.00
1889 2003592.00
1891 2002046.00
1893 2142625.00
1894 2145575.00
1896 2145398.00
1897 2151378.00
1898 2155528.00
1900 2155261.00
1902 2153660.00
1904 2152702.00
1908 2366584.00
1910 2366140.00
1912 2365493.00
1915 2386885.00
1917 2385798.00
1919 2383839.00
1920 2387193.00
1923 2381667.00
1924 2385697.00
1926 2384126.00
1928 2382791.00
1930 2381852.00
1931 2384825.00
1932 2388142.00
1933 2392424.00
1935 2391756.00
1937 2391454.00
1939 2430639.00
1942 2426413.00
1943 2430746.00
1944 2435503.00
1945 2439980.00
1946 2443952.00
1947 2450407.00
1950 2448228.00
1951 2458071.00
1953 2459642.00
1955 2460304.00
1957 2461941.00
1959 2462008.00
1965 2443620.00
1972 2417430.00
1974 2453345.00
1977 2448093.00
2006 2310817.00
2008 2312424.00
2010 2315048.00
2012 2318327.00
2014 2322392.00
2016 2326425.00
2018 2326872.00
2022 2325161.00
2026 2314072.00
2030 2303789.00
2031 2308041.00
2032 2312013.00
2033 2317472.00
2035 2317910.00
2037 2318346.00
2038 2322275.00
2039 2335360.00
2044 2320488.00
2046 2319647.00
2048 2320810.00
2049 2326084.00
2050 2331115.00
2051 2336427.00
2053 2336707.00
2055 2335902.00
2058 2328839.00
2059 2332852.00
2061 2331770.00
2063 2330475.00
2065 2331606.00
2067 2330533.00
2069 2330419.00
2071 2329753.00
2072 2333812.00
2074 2334628.00
2076 2333811.00
2078 2334784.00
2080 2334896.00
2082 2334679.00
2084 2335027.00
2085 2338745.00
2089 2329497.00
2090 2334066.00
2092 2333078.00
2094 2335005.00
2096 2333836.00
2098 2331995.00
2100 2331058.00
2103 2326607.00
2105 2327193.00
2107 2325845.00
2109 2323700.00
2110 2328717.00
2111 2333998.00
2113 2332255.00
2115 2330244.00
2120 2319784.00
2122 2318616.00
2125 2312351.00
2127 2312472.00
2131 2302652.00
2134 2295568.00
2138 2286844.00
2141 2281256.00
2144 2275315.00
2146 2273748.00
2150 2266436.00
2151 2269509.00
2154 2265145.00
2156 2264484.00
2157 2273880.00
2160 2267397.00
2161 2271640.00
2164 2265590.00
2166 2264364.00
2170 2256189.00
2172 2255084.00
2174 2256465.00
2177 2251219.00
2179 2250150.00
2180 2253128.00
2182 2253098.00
2184 2253120.00
2186 2255064.00
2194 2227933.00
2196 2226535.00
2197 2229821.00
2198 2234826.00
2201 2229814.00
2203 2229025.00
2205 2227676.00
2206 2232585.00
2208 2230744.00
2211 2223518.00
2214 2216333.00
2216 2215743.00
2219 2213452.00
2221 2211444.00
2229 2182529.00
2230 2323999.00
2232 2322182.00
2234 2321850.00
2235 2326689.00
2236 2333611.00
2237 2336565.00
2240 2331546.00
2242 2329959.00
2244 2328145.00
2246 2326286.00
2250 2314673.00
2252 2314216.00
2253 2317447.00
2254 2321020.00
2255 2324246.00
2256 2329080.00
2261 2313366.00
2262 2317142.00
2264 2315047.00
2295 2167409.00
2297 2167334.00
2299 2165225.00
2303 2154655.00
2305 2152658.00
2306 2155850.00
2308 2155484.00
2309 2161729.00
2354 1944144.00
2356 1943123.00
2358 1942024.00
2365 1916187.00
2370 1905861.00
2372 1904713.00
2376 1900148.00
2377 1902902.00
2379 1901530.00
2381 1899546.00
2382 1902885.00
2384 1903176.00
2388 1894790.00
2389 1899420.00
2398 1862575.00
2399 1865679.00
2400 1870978.00
2402 1911917.00
2404 2072411.00
2406 2071844.00
2407 2075631.00
2410 2070325.00
2411 2073349.00
2412 2076664.00
2419 2053519.00
2422 2047606.00
2424 2045643.00
2425 2049512.00
2426 2052992.00
2428 2052197.00
2439 2005576.00
2440 2009276.00
2441 2013485.00
2444 2006763.00
2446 2005957.00
2449 2000752.00
2452 1994974.00
2454 1995294.00
2456 1998032.00
2460 1986836.00
2461 1990587.00
2462 1994869.00
2463 1999590.00
2464 2003417.00
2466 2003451.00
2467 2008340.00
2470 2002092.00
2471 2005106.00
2472 2008764.00
2474 2009655.00
2475 2012894.00
2479 2001891.00
2480 2007885.00
2481 2011096.00
2483 2009503.00
2485 2008934.00
2489 2000375.00
2491 1999899.00
2493 1998744.00
2495 1998419.00
2500 1984694.00
2502 1983655.00
2504 1984237.00
2506 1983183.00
2508 1983032.00
2510 1982169.00
2512 1982263.00
2514 1982698.00
2516 1983507.00
2518 1981440.00
2520 1982788.00
2522 1980896.00
2524 1979096.00
2526 1978755.00
2530 1969396.00
2532 1968615.00
2534 1966721.00
2537 1962690.00
2539 1962145.00
2540 1967225.00
2541 1975885.00
2543 1975561.00
2545 1974368.00
2547 1974158.00
2549 1975715.00
2551 1974692.00
2552 1978595.00
2554 1977988.00
2555 1982078.00
2557 1981892.00
2559 1981168.00
2562 1975644.00
2563 1978940.00
2565 1977402.00
2566 1983075.00
2567 1987581.00
2568 1991140.00
2570 1991230.00
2572 1991909.00
2574 1994808.00
2575 1998350.00
2578 1995527.00
2579 1998779.00
2580 2002188.00
2582 2001690.00
2585 1997023.00
2587 1996887.00
2592 1985674.00
2594 1985043.00
2596 1984588.00
2597 1988851.00
2599 1988171.00
2601 1988375.00
2602 1992641.00
2604 1993717.00
2606 1992540.00
2608 1992532.00
2609 1996204.00
2610 2000411.00
2611 2004166.00
2612 2009202.00
2613 2014655.00
2616 2009397.00
2618 2008359.00
2620 2006140.00
2622 2004781.00
2628 1984822.00
2629 1988450.00
2631 1987192.00
2633 1987607.00
2634 1992954.00
2635 1997567.00
2636 2003862.00
2637 2007352.00
2638 2012339.00
2639 2017232.00
2640 2022035.00
2670 1879533.00
2671 1882463.00
2673 1882296.00
2676 1875721.00
2677 1879891.00
2679 1879796.00
2681 1880438.00
2683 1879156.00
2684 1884585.00
2686 1882750.00
2688 1881684.00
2690 1880451.00
2691 1883796.00
2693 1882187.00
2695 1882975.00
2697 1882423.00
2698 1887643.00
2700 1887774.00
2701 1892835.00
2702 1897036.00
2704 1896400.00
2706 1900206.00
2707 1907898.00
2709 1909797.00
2711 1910132.00
2713 1910296.00
2715 1910965.00
2717 1919199.00
2719 1917344.00
2721 1916941.00
2723 1916835.00
2724 1922042.00
2726 1923140.00
2728 1922325.00
2729 1925324.00
2731 1924221.00
2732 1929424.00
2734 1928081.00
2736 1925966.00
2737 1929983.00
2739 1928378.00
2740 1934616.00
2742 1935015.00
2744 1934612.00
2746 1935081.00
2747 1939858.00
2749 1937911.00
2792 1729776.00
2794 1728649.00
2796 1729750.00
2798 1729381.00
2801 1724485.00
2802 1730699.00
2803 1734560.00
2804 1739705.00
2806 1737614.00
2807 1741544.00
2808 1746817.00
2811 1740984.00
2812 1746524.00
2813 1881634.00
2814 1887575.00
2816 1885769.00
2818 1884798.00
2820 1932539.00
2821 1936572.00
2822 1939757.00
2823 1943778.00
2825 1941743.00
2827 1940139.00
2828 1944094.00
2830 1944006.00
2832 1942190.00
2834 1940317.00
2835 1944671.00
2839 1933170.00
2841 1931177.00
2843 1929558.00
2845 1928309.00
2846 1931540.00
2848 1930968.00
2850 1930811.00
2854 1921032.00
2856 1920534.00
2858 1923101.00
2859 1926982.00
2861 1926546.00
2863 1930702.00
2865 1940507.00
2867 1941054.00
2869 1940502.00
2870 1946697.00
2871 1952370.00
2875 1951920.00
2877 1952957.00
2879 1952387.00
2883 1942333.00
2885 1944981.00
2886 1953693.00
2887 1962213.00
2889 1960536.00
2891 1960885.00
2896 1948631.00
2897 1953867.00
2898 1963060.00
2899 1968069.00
2900 1975814.00
2902 1980639.00
2903 1986604.00
2906 1981536.00
2908 1983455.00
2911 1979469.00
2913 1978874.00
2916 1974432.00
2920 1967800.00
2922 1969846.00
2926 1958354.00
2928 1956918.00
2930 1955072.00
2932 1959721.00
2933 1963849.00
2935 1961799.00
2939 1951096.00
2941 1954719.00
2943 1974739.00
2945 1974362.00
2947 1973902.00
2949 1973051.00
2950 1977805.00
2951 1981585.00
2953 1979960.00
2955 1980241.00
2957 1981760.00
2961 1972602.00
2962 1976687.00
2963 1986286.00
2964 1990940.00
2965 1998473.00
2967 1998073.00
2969 1996290.00
2971 1994928.00
2973 1994520.00
2975 1994171.00
2979 1984814.00
2984 1974554.00
2986 1975447.00
2988 1975331.00
2990 1975883.00
2991 1980621.00
2992 2006197.00
2994 2006922.00
2996 2005750.00
2997 2014933.00
2998 2018837.00
2999 2025548.00
3001 2025685.00
3003 2028804.00
3005 2028240.00
3007 2026514.00
3009 2034598.00
3010 2037538.00
3011 2041829.00
3013 2060579.00
3015 2059826.00
3017 2058921.00
3018 2061936.00
3021 2060135.00
3022 2064188.00
3024 2063009.00
3026 2067409.00
3028 2067623.00
3032 2056926.00
3034 2056538.00
3036 2056934.00
3037 2063710.00
3041 2056026.00
3044 2050812.00
3045 2054872.00
3047 2053647.00
3048 2057742.00
3049 2062508.00
3050 2065634.00
3052 2065608.00
3054 2064964.00
3056 2065557.00
3058 2097631.00
3061 2091357.00
3063 2092433.00
3064 2095600.00
3068 2086699.00
3070 2086333.00
3072 2085507.00
3077 2070792.00
3083 2050705.00
3085 2053068.00
3087 2054427.00
3091 2043777.00
3094 2038331.00
3096 2037005.00
3098 2037934.00
3099 2041089.00
3104 2175454.00
3108 2166342.00
3110 2166796.00
3111 2172603.00
3112 2177245.00
3114 2176363.00
3115 2179442.00
3118 2173235.00
3119 2176679.00
3121 2176121.00
3124 2169365.00
3125 2173623.00
3127 2306872.00
3129 2306195.00
3133 2298846.00
3135 2300064.00
3137 2302228.00
3164 2179317.00
3166 2222203.00
3168 2220431.00
3181 2164163.00
3183 2162275.00
3185 2160672.00
3186 2163936.00
3188 2164558.00
3191 2164241.00
3193 2167240.00
3195 2164753.00
3199 2156936.00
3200 2163316.00
3202 2166810.00
3205 2167332.00
3207 2169738.00
3209 2173098.00
3211 2177600.00
3212 2183987.00
3213 2187399.00
3215 2185490.00
3217 2183561.00
3219 2181947.00
3221 2198093.00
3224 2194311.00
3228 2187734.00
3230 2187344.00
3232 2188408.00
3234 2190040.00
3236 2188618.00
3237 2191999.00
3238 2197924.00
3240 2199138.00
3242 2197685.00
3244 2198534.00
3245 2202503.00
3246 2207975.00
3249 2202023.00
3251 2200661.00
3254 2193703.00
3256 2192080.00
3258 2192528.00
3259 2199011.00
3260 2202015.00
3261 2206200.00
3262 2209524.00
3265 2204804.00
3267 2203733.00
3270 2198239.00
3275 2184316.00
3277 2190637.00
3279 2188630.00
3281 2189980.00
3283 2188575.00
3285 2190219.00
3286 2194021.00
3288 2196572.00
3290 2196455.00
3291 2199471.00
3292 2202737.00
3294 2202369.00
3297 2197148.00
3298 2200169.00
3300 2198224.00
3302 2197458.00
3303 2201213.00
3304 2205635.00
3306 2204739.00
3307 2210734.00
3312 2195483.00
3316 2185865.00
3322 2166096.00
3323 2171374.00
3325 2171705.00
3328 2169322.00
3329 2176391.00
3330 2182094.00
3332 2181015.00
3333 2185028.00
3335 2184054.00
3336 2187903.00
3337 2191124.00
3339 2189778.00
3341 2189036.00
3343 2187588.00
3344 2192576.00
3346 2192036.00
3348 2199008.00
3349 2203944.00
3350 2208190.00
3351 2211081.00
3352 2214969.00
3353 2221664.00
3356 2216991.00
3358 2217316.00
3372 2161548.00
3374 2159949.00
3376 2158019.00
3378 2156256.00
3379 2159516.00
3380 2163492.00
3383 2159048.00
3385 2157680.00
3387 2156807.00
3390 2151799.00
3392 2150677.00
3394 2150306.00
3399 2134913.00
3401 2134333.00
3403 2133237.00
3405 2133803.00
3407 2136214.00
3409 2135018.00
3411 2134685.00
3414 2129201.00
3415 2134730.00
3416 2137957.00
3418 2140321.00
3424 2120188.00
3425 2123260.00
3426 2127469.00
3427 2131991.00
3428 2136235.00
3430 2137071.00
3434 2128208.00
3437 2124708.00
3439 2127848.00
3441 2126701.00
3443 2124941.00
3451 2093822.00
3453 2095417.00
3457 2086592.00
3458 2091054.00
3459 2096569.00
3461 2096456.00
3463 2096398.00
3464 2101807.00
3465 2106522.00
3466 2112118.00
3467 2116813.00
3468 2120758.00
3470 2119683.00
3472 2118542.00
3473 2125003.00
3474 2128820.00
3476 2129919.00
3480 2119547.00
3481 2123875.00
3513 1970109.00
3515 1970982.00
3517 1970921.00
3521 1967425.00
3523 1967041.00
3525 1967957.00
3526 1974400.00
3528 1973119.00
3529 1980325.00
3530 1986755.00
3533 1982713.00
3561 1848774.00
3563 1985733.00
3564 1989629.00
3565 1997146.00
3566 2002436.00
3568 2002346.00
3571 1996823.00
3573 1994923.00
3584 1947885.00
3586 1946770.00
3587 1960665.00
3588 1964027.00
3589 1983722.00
3591 1981862.00
3595 1971470.00
3598 1965254.00
3600 1963207.00
3602 1962595.00
3603 1967075.00
3604 1971840.00
3606 1971421.00
3607 1975722.00
3609 1976309.00
3610 1980071.00
3612 1980558.00
3615 1976185.00
3617 1974895.00
3620 1970090.00
3622 1969713.00
3624 1970126.00
3627 1968849.00
3629 1967860.00
3634 1950937.00
3635 1953851.00
3636 1957088.00
3639 1950400.00
3641 1949767.00
3643 1950366.00
3647 1942504.00
3649 1943934.00
3651 1944991.00
3653 1945953.00
3655 1947243.00
3657 1949858.00
3659 1950631.00
3661 1950522.00
3663 1950629.00
3665 1956208.00
3666 1962669.00
3670 1955812.00
3672 1957122.00
3674 1955812.00
3676 1956140.00
3681 1944917.00
3683 1946972.00
3684 1953192.00
3685 1958715.00
3686 1964680.00
3690 1957556.00
3694 1947970.00
3695 1956436.00
3698 1950190.00
3701 1944423.00
3703 1942316.00
3704 1945658.00
3706 1945734.00
3708 1945617.00
3710 1947956.00
3712 1946861.00
3713 1951120.00
3715 1951485.00
3717 1951095.00
3725 1923815.00
3726 1926822.00
3727 1930394.00
3728 1934388.00
3729 1940852.00
3731 1940936.00
3733 1940763.00
3736 1933559.00
3738 1933571.00
3740 1933485.00
3742 1932007.00
3744 1930235.00
3745 1933497.00
3747 1934333.00
3751 1923955.00
3752 1927266.00
3754 1925359.00
3756 1924547.00
3758 1924929.00
3761 1918468.00
3763 1918295.00
3765 1920642.00
3767 1919609.00
3771 1910588.00
3773 1910296.00
3774 1913528.00
3775 1924179.00
3776 1927887.00
3777 1931366.00
3778 1962074.00
3779 1966421.00
3780 1969614.00
3781 1972630.00
3783 1972556.00
3785 1970435.00
3786 1976192.00
3789 1970201.00
3790 1973173.00
3792 1972311.00
3794 1970979.00
3796 1969893.00
3800 1960506.00
3802 1960935.00
3804 1960590.00
3806 1959981.00
3807 1964938.00
3808 1969994.00
3810 1968812.00
3812 1967023.00
3814 1965849.00
3816 1964733.00
3817 1968775.00
3820 1962578.00
3821 1966593.00
3822 1970757.00
3824 1971657.00
3825 1980402.00
3827 1978790.00
3829 1979186.00
3831 1980974.00
3832 1984992.00
3833 1990920.00
3834 1995926.00
3836 1995601.00
3838 1994999.00
3840 1994582.00
3842 1994997.00
3844 1995674.00
3846 1994536.00
3847 1997780.00
3848 2001578.00
3850 2000196.00
3852 1998107.00
3854 1996509.00
3856 1995170.00
3858 1995081.00
3859 1999848.00
3860 2003180.00
3862 2001970.00
3864 2000010.00
3866 1998231.00
3872 1979069.00
3874 1980070.00
3875 1984120.00
3876 1988200.00
3877 1992610.00
3880 1987687.00
3881 1992385.00
3882 1996371.00
3884 1999942.00
3886 2001542.00
3889 1995092.00
3893 1985519.00
3895 1984344.00
3897 1984756.00
3900 1977519.00
3902 1977588.00
3903 1980427.00
3904 1983977.00
3906 1982073.00
3935 1843743.00
3936 1847096.00
3939 1841551.00
3941 1841158.00
3943 1839355.00
3944 1842637.00
3945 1846653.00
3946 1851683.00
3948 1851274.00
3950 1851612.00
3954 1840030.00
3955 1847728.00
3960 1831276.00
3962 1830181.00
3963 1835160.00
3964 1838980.00
3965 1843694.00
3966 1847710.00
3967 2796809.00
3969 2800814.00
3971 2799977.00
3973 2798046.00
3975 2804580.00
3977 2802570.00
3979 2801000.00
3981 2798918.00
3986 2784750.00
3990 2773378.00
3993 2767632.00
3997 2761245.00
3999 2759718.00
