4000
0 501526.00
1 504542.00
2 500360.00
3 495547.00
4 490707.00
5 486169.00
6 481312.00
7 476801.00
8 471897.00
9 468696.00
10 463819.00
11 460283.00
12 455561.00
13 450657.00
14 446440.00
15 441935.00
16 436871.00
17 432505.00
18 427488.00
20 426628.00
19 431726.00
21 421578.00
22 416505.00
23 411439.00
25 401290.00
24 406376.00
26 396224.00
27 391152.00
28 386082.00
29 383686.00
30 379443.00
31 374378.00
32 369312.00
33 364249.00
34 359177.00
35 354102.00
36 352003.00
37 346936.00
38 344095.00
39 339043.00
40 333977.00
41 328908.00
42 323838.00
43 318763.00
44 313693.00
45 308773.00
46 303718.00
47 299096.00
48 294032.00
49 290155.00
50 285085.00
51 280915.00
52 276992.00
53 272756.00
54 267745.00
55 263427.00
56 258357.00
57 254623.00
58 250387.00
59 246459.00
60 242193.00
61 239323.00
62 234271.00
63 229205.00
64 224946.00
65 219889.00
66 214821.00
67 210463.00
68 205400.00
69 200333.00
70 195263.00
71 191200.00
72 186389.00
73 182150.00
74 177102.00
75 173009.00
76 167940.00
77 163532.00
78 159815.00
79 154680.00
80 150486.00
81 146564.00
82 141493.00
83 136439.00
84 132157.00
85 127108.00
86 122013.00
87 116940.00
88 112604.00
89 107524.00
90 103812.00
91 98751.00
92 93680.00
93 89562.00
94 85488.00
95 80419.00
96 75347.00
97 71017.00
98 65952.00
99 78097.00
100 73033.00
101 67963.00
102 80954.00
103 75899.00
104 71750.00
105 66683.00
106 67432.00
107 62368.00
108 73477.00
109 72109.00
110 67853.00
111 71776.00
112 66714.00
113 66759.00
114 71687.00
115 66629.00
116 66617.00
117 79410.00
118 74362.00
119 69293.00
120 66315.00
121 66321.00
122 66305.00
123 65877.00
124 65906.00
125 66626.00
126 77703.00
127 73351.00
128 70312.00
129 66410.00
130 69215.00
131 64938.00
132 66091.00
133 76908.00
134 72033.00
135 72945.00
136 70452.00
137 65358.00
138 68624.00
139 64414.00
140 66033.00
141 68933.00
142 63885.00
143 63915.00
144 64706.00
145 68490.00
146 63453.00
147 63276.00
148 67088.00
149 70303.00
150 65215.00
151 68095.00
152 63017.00
153 62885.00
154 62842.00
155 65411.00
156 68225.00
157 72397.00
158 80415.00
159 85037.00
160 83004.00
161 80774.00
162 77716.00
163 72941.00
164 67852.00
165 65328.00
166 74142.00
167 72317.00
168 68317.00
169 63222.00
170 65889.00
171 67924.00
172 62845.00
173 73423.00
174 68521.00
175 65154.00
176 65053.00
177 64911.00
178 64819.00
179 65943.00
180 74566.00
181 69488.00
182 70539.00
183 66187.00
184 70391.00
185 65278.00
186 66181.00
187 77966.00
188 72896.00
190 63802.00
189 68921.00
191 68396.00
192 68331.00
193 64093.00
194 64048.00
195 70049.00
196 73187.00
197 68038.00
198 65762.00
199 65619.00
200 68324.00
201 63189.00
202 67295.00
203 66939.00
204 66931.00
205 68646.00
206 64721.00
207 65471.00
208 68379.00
209 64177.00
210 66247.00
211 68214.00
212 63923.00
213 65725.00
214 65637.00
215 65592.00
216 70287.00
217 70789.00
218 65696.00
219 68222.00
220 65143.00
221 64835.00
222 64786.00
223 64774.00
224 65907.00
225 64668.00
226 66331.00
227 69264.00
228 64171.00
229 64134.00
230 64877.00
231 67049.00
232 69904.00
233 65494.00
234 68380.00
235 63308.00
236 73486.00
237 73393.00
238 68304.00
239 63973.00
240 64068.00
241 66003.00
242 67598.00
243 62524.00
244 62578.00
245 63424.00
246 66371.00
247 67010.00
248 66894.00
249 69017.00
250 63951.00
251 66757.00
252 66601.00
253 66578.00
254 69372.00
255 64299.00
256 66230.00
257 66187.00
258 72627.00
259 76111.00
260 71814.00
261 67534.00
262 65407.00
263 65343.00
264 68225.00
265 63853.00
266 74169.00
267 74742.00
268 69679.00
269 69486.00
270 64392.00
271 65167.00
272 68335.00
273 64058.00
274 64453.00
275 66760.00
276 73779.00
277 68691.00
278 71658.00
279 66578.00
280 62229.00
281 63430.00
282 63423.00
283 74326.00
284 72998.00
285 67872.00
286 67802.00
287 63513.00
288 65503.00
289 67232.00
290 62140.00
291 62219.00
292 61860.00
293 76817.00
294 71741.00
295 79960.00
296 81896.00
297 76860.00
298 72480.00
299 67389.00
300 67192.00
301 71094.00
302 72850.00
303 67774.00
304 65944.00
305 68701.00
306 63612.00
307 65374.00
308 68401.00
309 63323.00
310 75272.00
311 70223.00
312 65125.00
313 66937.00
314 70593.00
315 66257.00
316 67368.00
317 62275.00
318 63947.00
319 63977.00
320 63606.00
321 63525.00
322 63430.00
323 72458.00
324 73222.00
325 69137.00
326 64116.00
327 66132.00
328 67935.00
329 62847.00
330 63438.00
331 66502.00
332 67565.00
333 62476.00
334 67234.00
335 62151.00
336 75128.00
337 74592.00
338 71647.00
339 74545.00
340 69464.00
341 72338.00
342 67252.00
343 62152.00
344 64977.00
345 67638.00
346 62956.00
347 68871.00
348 67514.00
349 71658.00
350 66571.00
351 64990.00
352 65041.00
353 67913.00
354 62823.00
355 72700.00
356 67634.00
357 67648.00
358 63431.00
359 65373.00
360 68424.00
361 63361.00
362 64122.00
363 75153.00
364 73590.00
365 68422.00
366 68536.00
367 64531.00
368 65403.00
369 76088.00
370 71016.00
371 70984.00
372 65904.00
373 62630.00
374 64753.00
375 67767.00
376 62784.00
377 82338.00
378 77267.00
379 72168.00
380 67066.00
381 69049.00
382 63961.00
383 66554.00
384 69600.00
385 64483.00
386 66383.00
387 66061.00
388 67147.00
389 68059.00
390 62971.00
391 73538.00
392 68448.00
393 67581.00
394 63308.00
395 78332.00
396 80044.00
397 77008.00
398 76946.00
399 71850.00
400 66784.00
401 70568.00
402 73545.00
403 68467.00
404 65357.00
405 74034.00
407 68961.00
408 63886.00
409 66786.00
410 69403.00
411 64665.00
412 67735.00
413 62642.00
414 71264.00
415 66207.00
416 64845.00
417 67758.00
418 69798.00
419 73528.00
420 69569.00
421 64474.00
422 66108.00
423 67182.00
424 62112.00
425 61889.00
426 72076.00
427 67016.00
428 66854.00
429 66284.00
430 71186.00
431 66021.00
432 66891.00
433 69757.00
434 65297.00
435 66487.00
436 67314.00
437 62224.00
438 72868.00
439 67795.00
440 64532.00
441 64652.00
442 64495.00
443 66511.00
444 69242.00
445 65152.00
446 75069.00
447 70001.00
448 66796.00
449 63790.00
450 71818.00
451 66753.00
452 64383.00
453 63065.00
454 83153.00
455 82104.00
456 77021.00
457 80899.00
458 76513.00
459 73534.00
460 72680.00
461 68401.00
462 63303.00
464 68948.00
463 74158.00
465 74166.00
466 70666.00
467 68682.00
468 65504.00
469 64318.00
470 75206.00
471 70126.00
472 71267.00
473 66189.00
474 68162.00
475 71677.00
476 66594.00
477 65676.00
478 125468.00
479 120406.00
480 116625.00
481 111532.00
482 106432.00
483 103167.00
484 98029.00
485 92928.00
486 87826.00
488 79625.00
487 84748.00
489 77106.00
490 73244.00
491 74947.00
492 70640.00
493 65981.00
494 73683.00
495 68605.00
496 72534.00
497 68244.00
498 69249.00
499 64950.00
500 67083.00
501 63007.00
502 64764.00
503 67682.00
504 62561.00
505 63502.00
506 66310.00
507 68094.00
508 63817.00
509 65114.00
510 68109.00
511 71774.00
512 66701.00
513 65595.00
514 66148.00
515 68302.00
516 63989.00
517 66085.00
518 69884.00
519 71996.00
520 71578.00
521 67672.00
522 69816.00
523 65230.00
524 67285.00
525 63393.00
526 65306.00
527 68138.00
528 63724.00
529 65800.00
530 66778.00
531 69639.00
532 64553.00
533 113408.00
534 111734.00
535 108596.00
536 103528.00
537 98427.00
538 93328.00
539 88227.00
540 84979.00
541 80052.00
542 74956.00
543 69900.00
544 66476.00
545 62973.00
546 63103.00
547 68003.00
548 122477.00
549 119053.00
550 115763.00
551 110680.00
552 105579.00
553 100424.00
554 97323.00
555 92232.00
556 87088.00
557 83783.00
558 78657.00
559 76003.00
560 78143.00
561 73079.00
562 68695.00
563 66935.00
564 74498.00
565 69415.00
566 69237.00
567 64147.00
568 65505.00
569 65376.00
570 68057.00
571 65383.00
572 65832.00
573 75035.00
574 72614.00
575 69552.00
576 65292.00
577 68463.00
578 64261.00
579 66349.00
580 68077.00
581 81661.00
582 76573.00
583 73082.00
584 67990.00
585 67093.00
586 69549.00
587 64840.00
588 66741.00
589 70933.00
590 65845.00
591 63552.00
592 66634.00
593 67471.00
594 62375.00
595 83213.00
596 78145.00
597 73049.00
598 68082.00
599 71514.00
600 70553.00
601 69730.00
602 65471.00
603 63177.00
604 63153.00
605 90211.00
606 85150.00
607 80045.00
608 74944.00
609 71410.00
610 66317.00
611 65338.00
612 69548.00
613 64931.00
614 78165.00
615 73096.00
616 69596.00
617 68585.00
618 69849.00
619 65719.00
620 67301.00
621 62471.00
622 72134.00
623 70274.00
624 66066.00
625 68750.00
626 65783.00
627 65613.00
628 69432.00
629 65512.00
630 75300.00
631 80126.00
632 80128.00
633 85966.00
634 80878.00
635 75780.00
636 80777.00
637 78570.00
638 75526.00
639 74252.00
640 69165.00
641 81321.00
642 76235.00
643 89020.00
644 83943.00
645 79931.00
646 75668.00
647 72274.00
648 67180.00
649 64207.00
650 62176.00
651 62804.00
652 81931.00
653 76854.00
654 71754.00
655 75706.00
656 70485.00
657 73403.00
658 68331.00
659 63822.00
660 65817.00
661 65720.00
662 65634.00
663 82495.00
664 77430.00
665 72333.00
666 65919.00
667 67865.00
668 69680.00
669 64591.00
670 76219.00
671 71147.00
672 67195.00
673 66753.00
674 62595.00
675 73853.00
676 68907.00
677 63818.00
678 69443.00
679 72384.00
680 70196.00
681 71008.00
682 65918.00
683 65915.00
684 74815.00
685 69706.00
686 66296.00
687 69270.00
688 65434.00
689 66228.00
690 67948.00
691 62853.00
692 65758.00
693 68636.00
694 64795.00
695 70256.00
696 69386.00
697 66292.00
698 67122.00
699 63201.00
700 64993.00
701 67853.00
702 62773.00
703 63515.00
704 65710.00
705 70602.00
706 66260.00
707 66308.00
708 70146.00
709 65877.00
710 68836.00
711 65793.00
712 64843.00
713 67380.00
714 71559.00
715 66479.00
716 68099.00
717 64255.00
718 64879.00
719 67828.00
720 63822.00
721 71810.00
722 71531.00
723 66402.00
724 67173.00
725 64152.00
726 63258.00
727 66145.00
728 73846.00
729 72581.00
730 67488.00
731 66579.00
732 66592.00
733 73489.00
734 70052.00
735 67864.00
736 64921.00
737 64944.00
738 67978.00
739 63624.00
740 65786.00
741 65740.00
742 68680.00
743 64316.00
744 65259.00
745 65100.00
746 67891.00
747 65666.00
748 64413.00
749 67460.00
750 63547.00
751 63154.00
752 67268.00
753 70905.00
754 69909.00
755 66028.00
756 70554.00
757 75665.00
758 74704.00
759 70575.00
760 68460.00
761 67153.00
762 73973.00
763 69105.00
764 67855.00
765 68696.00
766 63703.00
767 65295.00
768 66437.00
769 69500.00
770 65248.00
771 71137.00
772 66079.00
773 70879.00
774 71564.00
775 68713.00
776 67396.00
777 67652.00
778 69711.00
779 66314.00
780 66298.00
781 64930.00
782 65018.00
783 67956.00
784 70657.00
785 66286.00
786 68593.00
787 63460.00
788 64039.00
789 64886.00
790 67930.00
791 63784.00
792 65722.00
793 68474.00
794 64127.00
795 64157.00
796 73055.00
797 72901.00
798 69406.00
799 64773.00
800 65649.00
801 67931.00
802 63009.00
803 63126.00
804 70123.00
805 65064.00
806 61904.00
807 61858.00
808 61807.00
809 66729.00
810 66434.00
811 66577.00
812 66241.00
813 71299.00
814 66213.00
815 66206.00
816 65712.00
817 65802.00
818 65714.00
819 66499.00
820 66499.00
821 78656.00
822 73595.00
823 73224.00
824 68141.00
825 71492.00
826 66421.00
827 67669.00
828 63805.00
829 65509.00
830 69600.00
831 64522.00
832 64057.00
833 64151.00
834 64807.00
836 63045.00
835 68173.00
837 63523.00
838 63445.00
839 64644.00
840 67235.00
841 64160.00
842 64982.00
843 75977.00
844 70892.00
845 69863.00
846 65698.00
847 67422.00
848 68505.00
849 63430.00
850 71082.00
851 72284.00
852 67203.00
853 67982.00
854 63792.00
855 66551.00
856 68669.00
857 63655.00
858 62327.00
859 65595.00
860 68441.00
861 63820.00
862 62150.00
863 62720.00
864 65868.00
865 68642.00
866 72519.00
867 74712.00
868 75360.00
869 70274.00
870 66061.00
871 68171.00
872 63097.00
873 66914.00
874 65685.00
875 73540.00
876 68458.00
877 71299.00
878 67417.00
879 62325.00
880 67245.00
881 71088.00
882 66010.00
883 68871.00
884 64588.00
885 66285.00
886 69247.00
887 64185.00
888 66972.00
889 67764.00
890 64361.00
891 63935.00
892 66775.00
893 73539.00
894 68465.00
895 69571.00
896 64483.00
897 67020.00
898 68208.00
899 66842.00
900 67685.00
901 68478.00
902 64638.00
903 64180.00
904 65262.00
905 67900.00
906 64004.00
907 63568.00
908 63442.00
909 63538.00
910 68146.00
911 69274.00
912 64193.00
913 67469.00
914 68206.00
915 63112.00
916 70901.00
917 65835.00
918 67444.00
919 68618.00
920 64477.00
921 66457.00
922 67284.00
923 62162.00
924 62071.00
925 75941.00
926 70872.00
927 79363.00
928 74428.00
929 69546.00
930 74209.00
931 69121.00
932 66118.00
933 66024.00
934 65768.00
935 67843.00
936 62759.00
937 65288.00
938 65213.00
939 66379.00
940 69424.00
941 64327.00
942 65050.00
943 64521.00
944 69507.00
945 64413.00
946 64358.00
947 69413.00
948 70228.00
949 65971.00
950 68131.00
951 63048.00
952 68929.00
953 78706.00
954 73624.00
955 68526.00
956 68475.00
957 71356.00
958 67120.00
959 69106.00
960 64016.00
961 66952.00
962 69751.00
963 65434.00
964 66266.00
965 72199.00
966 67109.00
967 67126.00
968 67132.00
969 66725.00
970 75924.00
971 70840.00
972 71640.00
973 66583.00
974 66340.00
975 66246.00
976 66261.00
977 66232.00
978 74134.00
979 69045.00
980 65588.00
981 65643.00
982 70295.00
983 65478.00
984 65403.00
985 65326.00
986 64896.00
987 64799.00
988 64809.00
989 64748.00
990 64641.00
991 64500.00
992 67400.00
993 62310.00
994 65290.00
995 68092.00
996 63003.00
997 63762.00
998 63726.00
999 63780.00
1000 63625.00
1001 63497.00
1002 72372.00
1003 69316.00
1004 65092.00
1005 67193.00
1006 67930.00
1007 62868.00
1008 63697.00
1009 74880.00
1010 69789.00
1011 64693.00
1012 63357.00
1013 71078.00
1014 73009.00
1015 68735.00
1016 64822.00
1017 65619.00
1018 71473.00
1019 66369.00
1020 63194.00
1021 65172.00
1022 68256.00
1023 63182.00
1024 62831.00
1025 70493.00
1026 65719.00
1027 67313.00
1028 62223.00
1029 62170.00
1030 71990.00
1031 66903.00
1032 65945.00
1033 66620.00
1034 62727.00
1035 74464.00
1036 69380.00
1037 70170.00
1038 66291.00
1039 66324.00
1040 66021.00
1041 65907.00
1042 70656.00
1043 70606.00
1044 65570.00
1045 65242.00
1046 77245.00
1047 72411.00
1048 67340.00
1049 65907.00
1050 67037.00
1051 69830.00
1052 65520.00
1053 66639.00
1054 77633.00
1055 72539.00
1056 74111.00
1057 69018.00
1058 74142.00
1059 69897.00
1060 66938.00
1061 64655.00
1062 72744.00
1063 73429.00
1064 68345.00
1065 63244.00
1066 64477.00
1067 73157.00
1068 68067.00
1069 68696.00
1070 64821.00
1071 66416.00
1072 68515.00
1073 63723.00
1074 73205.00
1075 84110.00
1076 79015.00
1077 73915.00
1078 68815.00
1079 72687.00
1080 67601.00
1081 62493.00
1082 58497.00
1083 66998.00
1084 75934.00
1085 73859.00
1086 72872.00
1087 67791.00
1088 62691.00
1089 65590.00
1090 65531.00
1091 65136.00
1092 67283.00
1093 66147.00
1094 68863.00
1095 73058.00
1096 72573.00
1097 67846.00
1098 64458.00
1099 64518.00
1100 64272.00
1101 64263.00
1102 64222.00
1103 66844.00
1104 129109.00
1105 124041.00
1106 118939.00
1107 113842.00
1108 108746.00
1117 68391.00
1118 64223.00
1119 66253.00
1120 72052.00
1121 73113.00
1122 67977.00
1123 63764.00
1124 65520.00
1125 66742.00
1126 66335.00
1127 66229.00
1128 74412.00
1129 69322.00
1130 65837.00
1131 65819.00
1132 68845.00
1133 63754.00
1134 65553.00
1135 64969.00
1136 64854.00
1137 64899.00
1138 64804.00
1139 72704.00
1140 67631.00
1141 64214.00
1142 64225.00
1143 64107.00
1144 67962.00
1145 72053.00
1146 66961.00
1147 63615.00
1148 63453.00
1149 63402.00
1150 63388.00
1151 68337.00
1152 68304.00
1153 63231.00
1154 62795.00
1155 62685.00
1156 62658.00
1157 62593.00
1158 62570.00
1159 65188.00
1160 72245.00
1161 67152.00
1162 75080.00
1163 75910.00
1164 70821.00
1165 71908.00
1166 66816.00
1167 69378.00
1168 65502.00
1169 66314.00
1170 69355.00
1171 64299.00
1172 65998.00
1173 71782.00
1174 80489.00
1175 75403.00
1176 70377.00
1177 70363.00
1178 65518.00
1179 65232.00
1180 64973.00
1181 65018.00
1182 64865.00
1183 67804.00
1184 62723.00
1185 64376.00
1186 66176.00
1187 68442.00
1188 70066.00
1189 66144.00
1190 68104.00
1191 63010.00
1192 63963.00
1193 63706.00
1194 63637.00
1195 63501.00
1196 63059.00
1197 71126.00
1198 70965.00
1199 67951.00
1200 70955.00
1201 66758.00
1202 68678.00
1203 64509.00
1204 66198.00
1205 67385.00
1206 62326.00
1207 70158.00
1208 72305.00
1209 67250.00
1210 74562.00
1211 69502.00
1212 66548.00
1213 66466.00
1214 66403.00
1215 66323.00
1216 66196.00
1217 65872.00
1218 65688.00
1219 65795.00
1220 65650.00
1221 65575.00
1222 65579.00
1223 65269.00
1224 64988.00
1225 65202.00
1226 65059.00
1227 65118.00
1228 64598.00
1229 64491.00
1230 64854.00
1231 64505.00
1232 64355.00
1233 64467.00
1234 63957.00
1235 64288.00
1236 63951.00
1237 68853.00
1238 63777.00
1239 68396.00
1240 68396.00
1241 72608.00
1242 71288.00
1243 71180.00
1244 67811.00
1245 67813.00
1246 62729.00
1247 62655.00
1248 70510.00
1249 67540.00
1250 68270.00
1251 64364.00
1252 64335.00
1253 66741.00
1254 66763.00
1255 61644.00
1256 74572.00
1257 69485.00
1258 66373.00
1259 65975.00
1260 67097.00
1261 62023.00
1262 74783.00
1263 69709.00
1264 65316.00
1265 65295.00
1266 65196.00
1267 65126.00
1268 73021.00
1269 72939.00
1270 67849.00
1271 64817.00
1272 64869.00
1273 64530.00
1274 64405.00
1275 64503.00
1276 65418.00
1277 66398.00
1278 69025.00
1279 63943.00
1280 63843.00
1281 63895.00
1282 68400.00
1283 68261.00
1284 64457.00
1285 74343.00
1286 69276.00
1287 64182.00
1288 63078.00
1289 62649.00
1290 62640.00
1291 72635.00
1292 68383.00
1293 63294.00
1294 62421.00
1295 62020.00
1296 67026.00
1297 63099.00
1298 66821.00
1299 66751.00
1300 74735.00
1301 69754.00
1302 66292.00
1303 66296.00
1304 66258.00
1305 66214.00
1306 66224.00
1307 65781.00
1308 73551.00
1309 70743.00
1310 66740.00
1311 65479.00
1312 65410.00
1313 73309.00
1314 68223.00
1315 65044.00
1316 69923.00
1317 69849.00
1318 64763.00
1319 69491.00
1320 69385.00
1321 64372.00
1322 64237.00
1323 64247.00
1324 64255.00
1325 64067.00
1326 64152.00
1327 63569.00
1328 63453.00
1329 63379.00
1330 63411.00
1331 63211.00
1332 63034.00
1333 63019.00
1334 71011.00
1335 65807.00
1336 62743.00
1337 62523.00
1338 62231.00
1339 62516.00
1340 64204.00
1341 72171.00
1342 67078.00
1343 69857.00
1344 64781.00
1345 65797.00
1346 68590.00
1347 63499.00
1348 66172.00
1349 66056.00
1350 65948.00
1351 65880.00
1352 65875.00
1353 66105.00
1354 65954.00
1355 65531.00
1356 65475.00
1357 65422.00
1358 65366.00
1359 64962.00
1360 64976.00
1361 65064.00
1362 65177.00
1363 64649.00
1364 64679.00
1365 64319.00
1366 64301.00
1367 64329.00
1368 67969.00
1369 67896.00
1370 68502.00
1371 64182.00
1372 64316.00
1373 67198.00
1374 62110.00
1375 62919.00
1376 62843.00
1377 62690.00
1378 70908.00
1379 70675.00
1380 65581.00
1381 62248.00
1382 62130.00
1383 62159.00
1384 66785.00
1385 75061.00
1386 69979.00
1387 66615.00
1388 66483.00
1389 66406.00
1390 66388.00
1391 66246.00
1392 66304.00
1393 67185.00
1394 78799.00
1395 75282.00
1396 70189.00
1397 65780.00
1398 65599.00
1399 65546.00
1400 65365.00
1401 73326.00
1402 68266.00
1403 64721.00
1404 64949.00
1405 64863.00
1406 64608.00
1407 72431.00
1408 67364.00
1409 64198.00
1410 72060.00
1411 66991.00
1412 63866.00
1413 63636.00
1414 63944.00
1415 63542.00
1416 63632.00
1417 63652.00
1418 72477.00
1419 71086.00
1420 71215.00
1421 66112.00
1422 68905.00
1423 63846.00
1424 66564.00
1425 67566.00
1426 62484.00
1427 62355.00
1428 67397.00
1429 63036.00
1430 61964.00
1431 62817.00
1432 71843.00
1433 71562.00
1434 66479.00
1435 66464.00
1436 74551.00
1437 69332.00
1438 65861.00
1439 65779.00
1440 65526.00
1441 65681.00
1442 65325.00
1443 65088.00
1444 65012.00
1445 70109.00
1446 69202.00
1447 64921.00
1448 64751.00
1449 64652.00
1450 65530.00
1451 76513.00
1452 71452.00
1453 69359.00
1454 73170.00
1455 68226.00
1456 69100.00
1457 64017.00
1458 63539.00
1459 63748.00
1460 63491.00
1461 63456.00
1462 63287.00
1463 63219.00
1464 63007.00
1465 62863.00
1466 62766.00
1467 62596.00
1468 64542.00
1469 67315.00
1470 62227.00
1471 70272.00
1472 67279.00
1473 62187.00
1474 62124.00
1475 61890.00
1476 61705.00
1477 67790.00
1478 66425.00
1479 66691.00
1480 66181.00
1481 66014.00
1482 65943.00
1483 74185.00
1484 71125.00
1485 66035.00
1487 63451.00
1486 65850.00
1488 65403.00
1489 64808.00
1490 64716.00
1491 69722.00
1492 69797.00
1493 64678.00
1494 77361.00
1495 72301.00
1496 67202.00
1497 64148.00
1498 63993.00
1499 68968.00
1500 68693.00
1501 63614.00
1502 64403.00
1503 67765.00
1504 62710.00
1505 63410.00
1506 63257.00
1507 70920.00
1508 65838.00
1509 62878.00
1510 62838.00
1511 62687.00
1512 62541.00
1513 62543.00
1514 67535.00
1515 62461.00
1516 61984.00
1517 69909.00
1518 64853.00
1519 66677.00
1520 67112.00
1521 66560.00
1522 66551.00
1523 67393.00
1524 63104.00
1525 65250.00
1526 71063.00
1527 70631.00
1528 65557.00
1529 65415.00
1530 65366.00
1531 65197.00
1532 65241.00
1533 65192.00
1534 65264.00
1535 65137.00
1536 64749.00
1537 64698.00
1538 66846.00
1539 69693.00
1540 73380.00
1541 68260.00
1542 66195.00
1543 69073.00
1544 63988.00
1545 63839.00
1546 63804.00
1547 63691.00
1548 63580.00
1549 63540.00
1550 63473.00
1551 68199.00
1552 68380.00
1553 63306.00
1554 63083.00
1555 62595.00
1556 62609.00
1557 70630.00
1558 70457.00
1559 67435.00
1560 70540.00
1561 65442.00
1562 66972.00
1563 66677.00
1564 66616.00
1565 66610.00
1566 66587.00
1567 66568.00
1568 66480.00
1569 71122.00
1570 79137.00
1571 74062.00
1572 70884.00
1573 70856.00
1574 65745.00
1575 65671.00
1576 65590.00
1577 73256.00
1578 73367.00
1579 73217.00
1580 68137.00
1581 64762.00
1582 64996.00
1583 64658.00
1584 64636.00
1585 73695.00
1586 74243.00
1587 69580.00
1588 65297.00
1589 63927.00
1590 63963.00
1591 68992.00
1592 67605.00
1593 62528.00
1594 63618.00
1595 63532.00
1596 63009.00
1597 63006.00
1598 68114.00
1599 68013.00
1600 64157.00
1601 62809.00
1602 70701.00
1603 65615.00
1604 73369.00
1605 68220.00
1606 63924.00
1607 65990.00
1608 66771.00
1609 66435.00
1610 67511.00
1611 62387.00
1612 65281.00
1613 66105.00
1614 66041.00
1615 70644.00
1616 75729.00
1617 70641.00
1618 75581.00
1619 70486.00
1620 78457.00
1621 73319.00
1622 68223.00
1623 64968.00
1624 64703.00
1625 64802.00
1626 64745.00
1627 64631.00
1628 80379.00
1629 77270.00
1630 72192.00
1631 67192.00
1632 64028.00
1633 64047.00
1635 66656.00
1634 71918.00
1636 63504.00
1637 68348.00
1638 73380.00
1639 68331.00
1640 81317.00
1641 76225.00
1642 72662.00
1643 67578.00
1644 64483.00
1645 66539.00
1646 67545.00
1647 62469.00
1648 62081.00
1649 62120.00
1650 62770.00
1651 67909.00
1652 63579.00
1653 65670.00
1654 71343.00
1655 72538.00
1656 67449.00
1657 63052.00
1658 64934.00
1659 66046.00
1660 65901.00
1661 65564.00
1662 70308.00
1663 70597.00
1664 65511.00
1665 65422.00
1666 65377.00
1667 65197.00
1668 65001.00
1669 64747.00
1670 64695.00
1671 72932.00
1672 69465.00
1673 69702.00
1674 64612.00
1675 64438.00
1676 69384.00
1677 68957.00
1678 63869.00
1679 63855.00
1680 66554.00
1681 68384.00
1682 63299.00
1683 113484.00
1684 108423.00
1685 104723.00
1686 100027.00
1687 97042.00
1688 91953.00
1689 86854.00
1690 83296.00
1691 78222.00
1692 73132.00
1693 70119.00
1694 67099.00
1695 62004.00
1696 66913.00
1697 66623.00
1698 66588.00
1699 66440.00
1700 66307.00
1701 66426.00
1702 66306.00
1703 65927.00
1704 68028.00
1705 65750.00
1706 66009.00
1707 66772.00
1708 70371.00
1709 65316.00
1710 65494.00
1711 65273.00
1712 65249.00
1713 73901.00
1714 77064.00
1715 72857.00
1716 69662.00
1717 64601.00
1718 64557.00
1719 64610.00
1720 64320.00
1721 63091.00
1722 63240.00
1723 68258.00
1724 67896.00
1725 62741.00
1726 62384.00
1727 62525.00
1728 63128.00
1729 62058.00
1730 62021.00
1731 62656.00
1732 61745.00
1733 69497.00
1734 72025.00
1735 67574.00
1736 66272.00
1737 66163.00
1738 66007.00
1739 65840.00
1740 66983.00
1741 71668.00
1742 66594.00
1743 73645.00
1744 70315.00
1745 74444.00
1746 70051.00
1747 77540.00
1748 72481.00
1749 71916.00
1750 66851.00
1751 70709.00
1752 65641.00
1753 68400.00
1754 72462.00
1755 69358.00
1756 72999.00
1757 68944.00
1758 71041.00
1759 65965.00
1760 67845.00
1761 62740.00
1762 72607.00
1763 73135.00
1764 68062.00
1765 72168.00
1766 67099.00
1767 63033.00
1768 66927.00
1769 69755.00
1770 64821.00
1771 66536.00
1772 67098.00
1773 64105.00
1774 65072.00
1775 68216.00
1776 63142.00
1777 63049.00
1778 65707.00
1779 68587.00
1780 63457.00
1781 66102.00
1782 69360.00
1783 64981.00
1784 66089.00
1785 65912.00
1786 65873.00
1787 65614.00
1789 63535.00
1788 68665.00
1790 67213.00
1791 74396.00
1792 74180.00
1793 69908.00
1794 64808.00
1795 64657.00
1796 67459.00
1797 63669.00
1798 69375.00
1799 69354.00
1800 64241.00
1801 69481.00
1802 77213.00
1803 72145.00
1804 67045.00
1805 66805.00
1806 81697.00
1807 76638.00
1808 71533.00
1809 71411.00
1810 66346.00
1811 77186.00
1812 72125.00
1813 67025.00
1814 68184.00
1815 76657.00
1816 71590.00
1817 69245.00
1818 66991.00
1819 68244.00
1820 63122.00
1821 64997.00
1822 67967.00
1823 63614.00
1824 74609.00
1825 69545.00
1826 66233.00
1827 66239.00
1828 65978.00
1829 67997.00
1830 64142.00
1831 65568.00
1832 65810.00
1833 70692.00
1834 78597.00
1835 73537.00
1836 73288.00
1837 70970.00
1838 66946.00
1839 66368.00
1840 77339.00
1841 72290.00
1842 67130.00
1843 66840.00
1844 69891.00
1845 65555.00
1846 67635.00
1847 63301.00
1848 67271.00
1849 68078.00
1850 62992.00
1851 74065.00
1852 68996.00
1853 66552.00
1854 67712.00
1855 62617.00
1856 72442.00
1857 74207.00
1858 69120.00
1859 68996.00
1860 63854.00
1861 66593.00
1862 67788.00
1863 62709.00
1864 65457.00
1865 65338.00
1866 65137.00
1867 68343.00
1868 63256.00
1869 65158.00
1870 64627.00
1871 66544.00
1872 69601.00
1873 65294.00
1874 69470.00
1875 70130.00
1876 65847.00
1877 64095.00
1878 63708.00
1879 71027.00
1880 73846.00
1881 69417.00
1882 71548.00
1883 68277.00
1884 69320.00
1885 64228.00
1886 66948.00
1887 68076.00
1888 62992.00
1889 68698.00
1890 63642.00
1891 63261.00
1892 66337.00
1893 67121.00
1894 69127.00
1895 65075.00
1896 71628.00
1897 72623.00
1898 76644.00
1899 71568.00
1900 71461.00
1901 77579.00
1902 73951.00
1903 73043.00
1904 69078.00
1905 66907.00
1906 74886.00
1907 75642.00
1908 70557.00
1909 65458.00
1910 65158.00
1911 65159.00
1912 65093.00
1913 64740.00
1914 73011.00
1915 67944.00
1916 68789.00
1917 63701.00
1918 65676.00
1919 64309.00
1920 65112.00
1921 67259.00
1922 70806.00
1923 66835.00
1925 64853.00
1924 69989.00
1926 63568.00
1927 64586.00
1928 68351.00
1929 63273.00
1930 72195.00
1931 75907.00
1932 77886.00
1933 73975.00
1934 68888.00
1935 64409.00
1936 73562.00
1937 68501.00
1938 63406.00
1939 70190.00
1940 67067.00
1941 61967.00
1942 67727.00
1943 63423.00
1944 64516.00
1945 83454.00
1946 79056.00
1947 73966.00
1948 68873.00
1949 69181.00
1950 64106.00
1951 65663.00
1952 65502.00
1954 63600.00
1953 68756.00
1955 66297.00
1956 77021.00
1957 71914.00
1958 74196.00
1959 73582.00
1960 68473.00
1961 64197.00
1962 70058.00
1963 78842.00
1964 73745.00
1965 78541.00
1966 75435.00
1968 70193.00
1969 66193.00
1970 67104.00
1971 69059.00
1972 63986.00
1973 62546.00
1974 62503.00
1975 63401.00
1976 67105.00
1977 67152.00
1978 71115.00
1979 66027.00
1980 68681.00
1981 64885.00
1982 65534.00
1983 68366.00
1984 63279.00
1985 67150.00
1986 69053.00
1987 66088.00
1988 70874.00
1989 80976.00
1990 75892.00
1991 70799.00
1992 70628.00
1993 65554.00
1994 68243.00
1995 65163.00
1996 65912.00
1997 78012.00
1998 72951.00
1999 67856.00
2000 69841.00
2001 65610.00
2002 65645.00
2003 67355.00
2004 70293.00
2005 65203.00
2006 69477.00
2007 65062.00
2008 63874.00
2009 65904.00
2010 68878.00
2011 64545.00
2012 66294.00
2013 69222.00
2014 64411.00
2015 67178.00
2016 68047.00
2017 63758.00
2018 62954.00
2019 62775.00
2020 63656.00
2021 66491.00
2022 67279.00
2023 78472.00
2024 73409.00
2025 74883.00
2026 70989.00
2027 66776.00
2028 67905.00
2029 63629.00
2030 65309.00
2031 66605.00
2032 69260.00
2033 65033.00
2034 71152.00
2035 71923.00
2036 66839.00
2037 70583.00
2038 65797.00
2039 68727.00
2040 63647.00
2041 81400.00
2042 76332.00
2043 71231.00
2044 67636.00
2045 64655.00
2046 64534.00
2047 67758.00
2048 62666.00
2049 64310.00
2050 64321.00
2051 64266.00
2052 64379.00
2053 69179.00
2054 69183.00
2055 64122.00
2056 66715.00
2057 68951.00
2058 63891.00
2059 64471.00
2060 63184.00
2061 63137.00
2062 63049.00
2063 63039.00
2064 62842.00
2065 62643.00
2066 64648.00
2067 67569.00
2068 62489.00
2069 67361.00
2070 75249.00
2071 70182.00
2072 70894.00
2073 63501.00
2074 63305.00
2075 64010.00
2076 68149.00
2077 63095.00
2078 67646.00
2079 67529.00
2080 64108.00
2081 65322.00
2082 68262.00
2083 63193.00
2084 66878.00
2085 68843.00
2086 64569.00
2087 62485.00
2088 62385.00
2089 73301.00
2090 74235.00
2091 75443.00
2092 73231.00
2093 68954.00
2094 68999.00
2095 63922.00
2096 70660.00
2097 72577.00
2098 68246.00
2099 69526.00
2100 65243.00
2101 67493.00
2102 77986.00
2103 72932.00
2104 67839.00
2105 71849.00
2106 66791.00
2107 64422.00
2108 64423.00
2109 75328.00
2110 77352.00
2111 72281.00
2112 76260.00
2113 71181.00
2114 66082.00
2115 63550.00
2116 65376.00
2117 68393.00
2118 63291.00
2119 63162.00
2120 71316.00
2121 69024.00
2122 63947.00
2123 65575.00
2125 62464.00
2124 67609.00
2126 73514.00
2127 68455.00
2128 63359.00
2129 70142.00
2130 65074.00
2131 64110.00
2132 66706.00
2133 67550.00
2134 67531.00
2135 71575.00
2136 66491.00
2137 66081.00
2138 76070.00
2139 70997.00
2140 71735.00
2141 67836.00
2142 70804.00
2143 65718.00
2144 69420.00
2145 64334.00
2146 68082.00
2147 62993.00
2148 74016.00
2149 76001.00
2150 70927.00
2151 66564.00
2152 64388.00
2153 63462.00
2154 66385.00
2155 66039.00
2156 70138.00
2157 65052.00
2158 67114.00
2159 69823.00
2160 64734.00
2161 75726.00
2162 79375.00
2163 74287.00
2164 76279.00
2165 74146.00
2166 69057.00
2167 68952.00
2168 63860.00
2169 66528.00
2170 69739.00
2171 64647.00
2172 76190.00
2173 79391.00
2174 75066.00
2175 72119.00
2176 70962.00
2177 66578.00
2178 65745.00
2179 65911.00
2180 67347.00
2181 70311.00
2182 66381.00
2183 77201.00
2184 72886.00
2185 67819.00
2186 66549.00
2187 66551.00
2188 63613.00
2189 66562.00
2190 75073.00
2191 69934.00
2192 70778.00
2193 65626.00
2194 68510.00
2195 63425.00
2196 66092.00
2197 70399.00
2198 65327.00
2199 65177.00
2200 65831.00
2201 66929.00
2202 69778.00
2203 64690.00
2204 69524.00
2205 77657.00
2206 72583.00
2207 76391.00
2208 72075.00
2209 69030.00
2210 63962.00
2211 63840.00
2212 67755.00
2213 72378.00
2214 67316.00
2215 76319.00
2216 71256.00
2217 66161.00
2218 77035.00
2219 71968.00
2220 78871.00
2221 73811.00
2222 72456.00
2223 76494.00
2224 71397.00
2225 67042.00
2226 70800.00
2227 70713.00
2228 65622.00
2229 67707.00
2230 63608.00
2231 66325.00
2232 70525.00
2233 69255.00
2234 66092.00
2235 65994.00
2236 69042.00
2237 65960.00
2238 65568.00
2239 68730.00
2240 63666.00
2241 64358.00
2242 64324.00
2243 67164.00
2244 72170.00
2245 69599.00
2246 73922.00
2247 68860.00
2248 70437.00
2249 66387.00
2250 68294.00
2251 72277.00
2252 74186.00
2253 78930.00
2254 75747.00
2255 74930.00
2256 69848.00
2257 65524.00
2258 64289.00
2259 67446.00
2260 70239.00
2261 65160.00
2262 68045.00
2263 62970.00
2264 65868.00
2265 70010.00
2266 65675.00
2267 67396.00
2268 68278.00
2269 64290.00
2270 66958.00
2271 70230.00
2272 65169.00
2273 70721.00
2274 65659.00
2275 66512.00
2276 66442.00
2277 69431.00
2278 65034.00
2279 70123.00
2280 71124.00
2281 67702.00
2282 68205.00
2283 63356.00
2284 73719.00
2285 69278.00
2286 68439.00
2287 64159.00
2288 66222.00
2289 69075.00
2290 64006.00
2291 64727.00
2292 68739.00
2293 67577.00
2294 62480.00
2295 65365.00
2296 68461.00
2297 64136.00
2298 62877.00
2299 63727.00
2300 67001.00
2301 67780.00
2302 63429.00
2303 65398.00
2304 72334.00
2305 73463.00
2306 70864.00
2307 67925.00
2308 65561.00
2309 65599.00
2310 67578.00
2311 78530.00
2312 73471.00
2313 68376.00
2314 67791.00
2315 67017.00
2316 69847.00
2317 64764.00
2318 67341.00
2319 64256.00
2320 66217.00
2321 68274.00
2322 63946.00
2323 64901.00
2324 66898.00
2325 69774.00
2326 65529.00
2327 67527.00
2328 63248.00
2329 65300.00
2330 76318.00
2331 71258.00
2332 66161.00
2333 63874.00
2334 66870.00
2335 69794.00
2336 64693.00
2337 73385.00
2338 68275.00
2340 63082.00
2339 68198.00
2341 66895.00
2342 68887.00
2343 63799.00
2344 66735.00
2345 67535.00
2346 63121.00
2347 62212.00
2348 62275.00
2349 62165.00
2350 62163.00
2351 68820.00
2352 71855.00
2353 67458.00
2354 64443.00
2355 64425.00
2356 67447.00
2357 62361.00
2358 66140.00
2359 66170.00
2360 65786.00
2361 74090.00
2362 73499.00
2363 68727.00
2364 68379.00
2365 64502.00
2366 66185.00
2367 69057.00
2368 65174.00
2369 76235.00
2370 71160.00
2371 66056.00
2372 64523.00
2373 66322.00
2374 69810.00
2375 64739.00
2376 64230.00
2377 68969.00
2378 70088.00
2379 67805.00
2380 64703.00
2381 64644.00
2382 67694.00
2383 70693.00
2384 66354.00
2385 74191.00
2386 82122.00
2387 77060.00
2388 80018.00
2389 76823.00
2390 72581.00
2391 68417.00
2392 67448.00
2393 67169.00
2394 62089.00
2395 63288.00
2396 66120.00
2397 66967.00
2398 74927.00
2399 69858.00
2400 68559.00
2401 64668.00
2402 66436.00
2403 66388.00
2404 66309.00
2405 69066.00
2406 64769.00
2407 66943.00
2408 70746.00
2409 65669.00
2410 65524.00
2411 65628.00
2412 65216.00
2413 67212.00
2414 62131.00
2415 65046.00
2416 68007.00
2417 62926.00
2418 65675.00
2419 68638.00
2420 64341.00
2421 64418.00
2422 69362.00
2423 71330.00
2424 65641.00
2425 66075.00
2426 67774.00
2427 62994.00
2428 70804.00
2429 70415.00
2430 65337.00
2431 62312.00
2432 83198.00
2433 78143.00
2434 74150.00
2435 74907.00
2436 69835.00
2437 70545.00
2438 66606.00
2439 67478.00
2440 63519.00
2441 63269.00
2442 74125.00
2443 69040.00
2444 66770.00
2445 61678.00
2446 73395.00
2447 69588.00
2448 65346.00
2449 66273.00
2450 68190.00
2451 64334.00
2452 65152.00
2453 73147.00
2454 68064.00
2455 64568.00
2456 64677.00
2457 67436.00
2458 62345.00
2459 65259.00
2460 68225.00
2461 63135.00
2462 63880.00
2463 84958.00
2464 79934.00
2465 74838.00
2466 71683.00
2467 66587.00
2468 68386.00
2469 69128.00
2470 64065.00
2471 62960.00
2472 62951.00
2473 65874.00
2474 67615.00
2475 62549.00
2476 62401.00
2477 65337.00
2478 68334.00
2479 63241.00
2480 67162.00
2481 70831.00
2482 65736.00
2483 67757.00
2484 63376.00
2485 62427.00
2486 65302.00
2487 68208.00
2488 63987.00
2489 66057.00
2490 69046.00
2491 63971.00
2492 78892.00
2493 73814.00
2494 69943.00
2495 68658.00
2496 64367.00
2497 65971.00
2498 77259.00
2499 72178.00
2500 69800.00
2501 77033.00
2502 71962.00
2503 69412.00
2504 73353.00
2505 70537.00
2506 67202.00
2507 65940.00
2508 68928.00
2509 63863.00
2510 63695.00
2511 63699.00
2512 63635.00
2513 63580.00
2514 64366.00
2515 75461.00
2516 70397.00
2517 65293.00
2518 68854.00
2519 69652.00
2520 64595.00
2521 68759.00
2522 67417.00
2523 68112.00
2524 63427.00
2525 66225.00
2526 69779.00
2527 69884.00
2528 65796.00
2529 65761.00
2530 66705.00
2531 67429.00
2532 62346.00
2533 65240.00
2534 66124.00
2535 65837.00
2536 66037.00
2537 66639.00
2538 75697.00
2539 70632.00
2540 71498.00
2541 64505.00
2542 64600.00
2543 75317.00
2544 70253.00
2545 65090.00
2546 62690.00
2547 63572.00
2548 66491.00
2549 67664.00
2550 63270.00
2551 64322.00
2552 67261.00
2553 62199.00
2554 66948.00
2555 66788.00
2556 79581.00
2557 74511.00
2558 69361.00
2559 66196.00
2560 68273.00
2561 64026.00
2562 67084.00
2563 68846.00
2564 63782.00
2565 66762.00
2566 69665.00
2567 65280.00
2568 65454.00
2569 65299.00
2570 70141.00
2571 70324.00
2572 65246.00
2573 68138.00
2574 63059.00
2575 64759.00
2576 65580.00
2577 68596.00
2578 63488.00
2579 72141.00
2580 67077.00
2581 67951.00
2582 63494.00
2583 66847.00
2584 68640.00
2585 63580.00
2586 72468.00
2587 75539.00
2588 70460.00
2589 67811.00
2590 62700.00
2591 62707.00
2592 62704.00
2593 62759.00
2594 70663.00
2595 65609.00
2596 65432.00
2597 67140.00
2598 63956.00
2599 62894.00
2600 73849.00
2601 74613.00
2602 69520.00
2603 67291.00
2604 63005.00
2605 65215.00
2606 67367.00
2607 62304.00
2608 65122.00
2609 66737.00
2610 70974.00
2611 78625.00
2612 73564.00
2613 71307.00
2614 73323.00
2615 69018.00
2616 64818.00
2617 64834.00
2618 68026.00
2619 62969.00
2620 65637.00
2621 72461.00
2622 72561.00
2623 67487.00
2624 65992.00
2625 68907.00
2626 63849.00
2627 64584.00
2628 67746.00
2629 62661.00
2630 63542.00
2631 63123.00
2633 63163.00
2634 65994.00
2635 75840.00
2636 70781.00
2637 65685.00
2638 62548.00
2639 62100.00
2640 70194.00
2641 65108.00
2642 72059.00
2643 66985.00
2644 67657.00
2645 63822.00
2646 65477.00
2647 68585.00
2648 63519.00
2649 66269.00
2650 68937.00
2651 63849.00
2652 65821.00
2653 70864.00
2654 70739.00
2655 65661.00
2656 66482.00
2657 66473.00
2658 69211.00
2659 64034.00
2660 65574.00
2661 66060.00
2662 65476.00
2663 68417.00
2664 64511.00
2665 66245.00
2666 69173.00
2667 64108.00
2668 63887.00
2669 66035.00
2670 69657.00
2671 64574.00
2672 66514.00
2673 68408.00
2674 75944.00
2675 71283.00
2676 72946.00
2677 67857.00
2678 67749.00
2679 63813.00
2680 65469.00
2681 68329.00
2682 63268.00
2683 66044.00
2685 62123.00
2684 67275.00
2686 71007.00
2687 71596.00
2688 66535.00
2689 68255.00
2690 64475.00
2691 65214.00
2692 67276.00
2693 75408.00
2694 76245.00
2695 71180.00
2696 66082.00
2697 67676.00
2698 63746.00
2699 65288.00
2700 65199.00
2701 66386.00
2702 68966.00
2703 63883.00
2704 64786.00
2705 64833.00
2706 72656.00
2707 67569.00
2708 64541.00
2709 64405.00
2710 64460.00
2711 64115.00
2712 64047.00
2713 63999.00
2714 63972.00
2715 63969.00
2716 63594.00
2717 63615.00
2718 71568.00
2719 66505.00
2720 62938.00
2721 63067.00
2722 63087.00
2723 62974.00
2724 62530.00
2725 78764.00
2727 69748.00
2728 70574.00
2729 67465.00
2730 70067.00
2731 66078.00
2732 67751.00
2733 63858.00
2734 65696.00
2735 67712.00
2736 66338.00
2737 66159.00
2738 66282.00
2739 66205.00
2740 66101.00
2741 70907.00
2742 70795.00
2743 65711.00
2744 65705.00
2745 65545.00
2746 73706.00
2747 70175.00
2748 78222.00
2749 73149.00
2750 68053.00
2751 64974.00
2752 64844.00
2753 66880.00
2754 77603.00
2755 72520.00
2756 67421.00
2757 64142.00
2758 64145.00
2759 66134.00
2760 69025.00
2761 72636.00
2762 67548.00
2763 63768.00
2764 63560.00
2765 63474.00
2766 63251.00
2767 65216.00
2768 68987.00
2769 63905.00
2770 71161.00
2771 66103.00
2772 62791.00
2773 62428.00
2774 65392.00
2775 68431.00
2776 76233.00
2777 71120.00
2778 73666.00
2779 69622.00
2780 70859.00
2781 66603.00
2782 68362.00
2783 63230.00
2784 73855.00
2785 68798.00
2786 65764.00
2787 65725.00
2788 73492.00
2789 68415.00
2790 65291.00
2791 65282.00
2792 65193.00
2793 65027.00
2794 64753.00
2795 66844.00
2796 77738.00
2797 72656.00
2798 67516.00
2799 64528.00
2800 69068.00
2801 80072.00
2802 74990.00
2803 76953.00
2804 71865.00
2805 66776.00
2806 63389.00
2807 63636.00
2808 65354.00
2809 68370.00
2810 63274.00
2811 63217.00
2812 67757.00
2813 69891.00
2814 65602.00
2815 67629.00
2816 63355.00
2817 62409.00
2818 65373.00
2819 76016.00
2820 71160.00
2821 69048.00
2822 63964.00
2823 64799.00
2824 67713.00
2825 75453.00
2826 70390.00
2827 71051.00
2828 66333.00
2829 67099.00
2830 70012.00
2831 66099.00
2832 66797.00
2833 75642.00
2834 70561.00
2835 71582.00
2836 66497.00
2837 68060.00
2838 62935.00
2839 64088.00
2840 65986.00
2841 69048.00
2842 63985.00
2843 64507.00
2844 64258.00
2845 64461.00
2846 64184.00
2847 69167.00
2848 76978.00
2849 71914.00
2850 66895.00
2851 64926.00
2852 67399.00
2853 63518.00
2854 65310.00
2855 68976.00
2856 65169.00
2857 65881.00
2858 68798.00
2859 63709.00
2860 66555.00
2861 67452.00
2862 62661.00
2863 62258.00
2864 62369.00
2865 67082.00
2866 66802.00
2867 66825.00
2868 66821.00
2869 66705.00
2870 66705.00
2871 66328.00
2872 66302.00
2873 66289.00
2874 66083.00
2875 74167.00
2876 69106.00
2877 73917.00
2878 68792.00
2879 65805.00
2880 65423.00
2881 65473.00
2882 66307.00
2883 69206.00
2884 64117.00
2885 64913.00
2886 65002.00
2887 69665.00
2888 86845.00
2889 81781.00
2890 76672.00
2891 72224.00
2892 67975.00
2893 67673.00
2895 64298.00
2894 69525.00
2896 67391.00
2897 67812.00
2898 62663.00
2899 70661.00
2900 65523.00
2901 67560.00
2902 62483.00
2903 67085.00
2904 63142.00
2905 67063.00
2906 66850.00
2907 67041.00
2908 66569.00
2909 74500.00
2910 71403.00
2911 87505.00
2912 82419.00
2913 77331.00
2914 79080.00
2915 73996.00
2916 68896.00
2917 69925.00
2918 65611.00
2919 67434.00
2920 64296.00
2921 64229.00
2922 67115.00
2923 62030.00
2924 64936.00
2925 64917.00
2926 64827.00
2927 64474.00
2928 73299.00
2929 76623.00
2930 71534.00
2931 68144.00
2932 68833.00
2933 72706.00
2934 67613.00
2935 67650.00
2936 62962.00
2937 64637.00
2938 67167.00
2939 68443.00
2940 63350.00
2941 62935.00
2942 62904.00
2943 62807.00
2944 63761.00
2945 63673.00
2946 62341.00
2947 63581.00
2948 63430.00
2949 66111.00
2950 75194.00
2951 75010.00
2952 69916.00
2953 66530.00
2954 66355.00
2955 75569.00
2956 70474.00
2957 65371.00
2958 65173.00
2959 66884.00
2960 65919.00
2961 65872.00
2962 65723.00
2963 73711.00
2964 68629.00
2965 65185.00
2966 66276.00
2967 65081.00
2968 64994.00
2969 65999.00
2970 77021.00
2971 71918.00
2972 66830.00
2973 64320.00
2974 67488.00
2975 63207.00
2976 64978.00
2977 64048.00
2978 63990.00
2979 64005.00
2980 72880.00
2981 82670.00
2982 77582.00
2983 72492.00
2984 67396.00
2985 67315.00
2986 62231.00
2987 70766.00
2988 65956.00
2989 63806.00
2990 66421.00
2991 67595.00
2992 62506.00
2993 63226.00
2994 72091.00
2995 79920.00
2996 74837.00
2997 75977.00
2998 70848.00
2999 79386.00
3000 74166.00
3001 69071.00
3002 66457.00
3003 65930.00
3004 65964.00
3005 65755.00
3006 65725.00
3007 65700.00
3008 73659.00
3009 68587.00
3010 65040.00
3011 64107.00
3012 65015.00
3013 64576.00
3014 73749.00
3015 68671.00
3016 64331.00
3017 64282.00
3018 63916.00
3019 63864.00
3020 72715.00
3021 75648.00
3022 76888.00
3023 73314.00
3024 69506.00
3025 65173.00
3026 63077.00
3028 62965.00
3029 62851.00
3030 62844.00
3031 62830.00
3032 62374.00
3033 62304.00
3034 70217.00
3035 65434.00
3036 67154.00
3037 76041.00
3038 70935.00
3039 79683.00
3040 74629.00
3041 69832.00
3042 64745.00
3043 65124.00
3044 68496.00
3045 64293.00
3046 66057.00
3047 66039.00
3048 65650.00
3049 65513.00
3050 65559.00
3051 65611.00
3052 65377.00
3053 65259.00
3054 73252.00
3055 68191.00
3056 64679.00
3057 64675.00
3058 75689.00
3059 70632.00
3060 65533.00
3061 66563.00
3062 69444.00
3063 65099.00
3064 65113.00
3065 75857.00
3066 70792.00
3067 65696.00
3068 65506.00
3069 68577.00
3070 63503.00
3071 64259.00
3072 75244.00
3073 76063.00
3074 70970.00
3075 65876.00
3076 63703.00
3077 66719.00
3078 68295.00
3079 64331.00
3080 66576.00
3081 68197.00
3082 67217.00
3083 74917.00
3084 69848.00
3085 66854.00
3086 66854.00
3087 68611.00
3088 85557.00
3089 80488.00
3090 82071.00
3091 76986.00
3092 72199.00
3093 68750.00
3094 64760.00
3095 65790.00
3096 65480.00
3097 65372.00
3098 67145.00
3099 70244.00
3100 65182.00
3101 64925.00
3102 64866.00
3103 65031.00
3104 64539.00
3105 64543.00
3106 70355.00
3107 70144.00
3108 66395.00
3109 76238.00
3110 71163.00
3111 71865.00
3112 69718.00
3113 64630.00
3114 67872.00
3115 70596.00
3116 65513.00
3117 68233.00
3118 63114.00
3119 64154.00
3120 68134.00
3121 67631.00
3122 71864.00
3123 81510.00
3125 75500.00
3124 80626.00
3126 70421.00
3127 71289.00
3128 67724.00
3129 68825.00
3130 63744.00
3131 66502.00
3132 77570.00
3133 72499.00
3134 83205.00
3135 78088.00
3136 72988.00
3137 67886.00
3138 69818.00
3139 64733.00
3140 65476.00
3141 65441.00
3142 66278.00
3143 64983.00
3144 64813.00
3145 72873.00
3146 76039.00
3147 72696.00
3148 74725.00
3150 65402.00
3151 66515.00
3152 69169.00
3153 66134.00
3154 66036.00
3155 76234.00
3156 71163.00
3157 73594.00
3158 75438.00
3159 79540.00
3160 74448.00
3161 69350.00
3162 68111.00
3163 63708.00
3164 66995.00
3165 77052.00
3166 71980.00
3167 73542.00
3168 69315.00
3169 71389.00
3170 67173.00
3171 67943.00
3172 62857.00
3173 65939.00
3174 74742.00
3175 74730.00
3176 69649.00
3177 66602.00
3178 66423.00
3179 66289.00
3180 69179.00
3181 64988.00
3182 66910.00
3183 83016.00
3184 77930.00
3185 73609.00
3186 68545.00
3187 65628.00
3188 68246.00
3189 64388.00
3190 63020.00
3191 65781.00
3192 66973.00
3193 76676.00
3194 71593.00
3196 77676.00
3195 82811.00
3197 72604.00
3198 75320.00
3199 70239.00
3200 68123.00
3201 63034.00
3202 62875.00
3203 68625.00
3204 78549.00
3205 73465.00
3206 73419.00
3207 68335.00
3208 64018.00
3209 62775.00
3210 62729.00
3211 65648.00
3212 67919.00
3213 69572.00
3214 64478.00
3215 67234.00
3216 68050.00
3217 62962.00
3218 74028.00
3219 68962.00
3220 74772.00
3221 75557.00
3222 70639.00
3223 71706.00
3224 71297.00
3225 67051.00
3226 69946.00
3227 66060.00
3228 67819.00
3229 62735.00
3230 73866.00
3231 76357.00
3232 71270.00
3233 71165.00
3234 67327.00
3235 66966.00
3236 70224.00
3237 65135.00
3238 65957.00
3239 64642.00
3240 74359.00
3241 76523.00
3242 71433.00
3243 66337.00
3244 68261.00
3245 70681.00
3246 66434.00
3247 67920.00
3248 63189.00
3249 63971.00
3250 66885.00
3251 75732.00
3252 70583.00
3253 69620.00
3254 64563.00
3255 67386.00
3256 68166.00
3257 63079.00
3258 65821.00
3259 66637.00
3260 66773.00
3261 66717.00
3262 66509.00
3263 66467.00
3264 66430.00
3265 65972.00
3266 65931.00
3267 73875.00
3268 68782.00
3269 74695.00
3270 69599.00
3271 65334.00
3272 66510.00
3273 76469.00
3274 71382.00
3275 66281.00
3276 65915.00
3277 76778.00
3278 72884.00
3279 67785.00
3280 65622.00
3281 66270.00
3282 69241.00
3283 65289.00
3284 63960.00
3285 64859.00
3286 68028.00
3287 62963.00
3288 63497.00
3289 63408.00
3290 63318.00
3291 63275.00
3292 78937.00
3293 74479.00
3294 69381.00
3295 66787.00
3296 69676.00
3297 65369.00
3298 67462.00
3299 63204.00
3300 67505.00
3301 67036.00
3302 66933.00
3303 67042.00
3304 75782.00
3305 70709.00
3306 71436.00
3307 66355.00
3308 69401.00
3309 66180.00
3310 64003.00
3311 64031.00
3312 66995.00
3313 66903.00
3314 66696.00
3315 66563.00
3316 93445.00
3317 88384.00
3318 83476.00
3319 79676.00
3320 74582.00
3321 70835.00
3322 66928.00
3323 68730.00
3324 70727.00
3325 66428.00
3326 68283.00
3327 64352.00
3328 64294.00
3329 73815.00
3330 74042.00
3331 68952.00
3332 64855.00
3333 63456.00
3334 63553.00
3335 63538.00
3336 63378.00
3337 71079.00
3338 65974.00
3339 62770.00
3340 62710.00
3341 62911.00
3342 62695.00
3343 67281.00
3344 62442.00
3345 67324.00
3346 67363.00
3347 76031.00
3348 71620.00
3349 81934.00
3350 76864.00
3351 90663.00
3352 85579.00
3353 80502.00
3354 76482.00
3355 71779.00
3356 67076.00
3357 66735.00
3358 69715.00
3359 64639.00
3360 70320.00
3361 70286.00
3362 65308.00
3363 72224.00
3364 73031.00
3365 73770.00
3366 69519.00
3367 65294.00
3368 64457.00
3369 67386.00
3370 62320.00
3371 63160.00
3372 62760.00
3373 62643.00
3374 63497.00
3375 74556.00
3376 72335.00
3377 75327.00
3378 70228.00
3379 71015.00
3380 65950.00
3381 67962.00
3382 63576.00
3383 73875.00
3384 68805.00
3385 74570.00
3386 75337.00
3387 84088.00
3388 80189.00
3389 75099.00
3390 70003.00
3391 70249.00
3392 65168.00
3393 66671.00
3394 69671.00
3395 64607.00
3396 74135.00
3397 77559.00
3398 72444.00
3399 74518.00
3400 70639.00
3401 66447.00
3402 67757.00
3403 62662.00
3404 65224.00
3405 76101.00
3406 71022.00
3407 68912.00
3408 63837.00
3409 72806.00
3410 84508.00
3411 79412.00
3412 74307.00
3413 70881.00
3414 65778.00
3415 76051.00
3416 72575.00
3417 72921.00
3418 67779.00
3419 67852.00
3420 67231.00
3421 71549.00
3422 68435.00
3423 69206.00
3424 64967.00
3425 64032.00
3426 66598.00
3427 66890.00
3428 69757.00
3429 64667.00
3430 67429.00
3431 62335.00
3432 65203.00
3433 67220.00
3434 66869.00
3435 76087.00
3436 71015.00
3437 73689.00
3438 77520.00
3439 73286.00
3440 68835.00
3441 69798.00
3442 65006.00
3443 66670.00
3444 66674.00
3445 69622.00
3446 64550.00
3447 64048.00
3448 64107.00
3449 64088.00
3450 63984.00
3451 63994.00
3452 63986.00
3453 63476.00
3454 63512.00
3455 63515.00
3456 63528.00
3457 63409.00
3458 71212.00
3459 71008.00
3460 71073.00
3461 65992.00
3462 62647.00
3463 62252.00
3464 62575.00
3465 63410.00
3466 66319.00
3467 69286.00
3468 64201.00
3469 65746.00
3470 68742.00
3471 64527.00
3472 65588.00
3473 66422.00
3474 69413.00
3475 64342.00
3476 82319.00
3477 77239.00
3478 78017.00
3479 80931.00
3480 77847.00
3481 72668.00
3482 67588.00
3483 67093.00
3485 64856.00
3484 69977.00
3486 75675.00
3487 70594.00
3488 72634.00
3489 67549.00
3490 64143.00
3491 63983.00
3492 63879.00
3493 63848.00
3494 64695.00
3495 63809.00
3496 63615.00
3497 63559.00
3498 63123.00
3499 63097.00
3500 63288.00
3501 71204.00
3502 66152.00
3503 62566.00
3504 62661.00
3505 62681.00
3506 62719.00
3507 62322.00
3508 70292.00
3509 73194.00
3510 77374.00
3511 72316.00
3512 67911.00
3513 68750.00
3514 63667.00
3515 66476.00
3516 66475.00
3517 75391.00
3518 70338.00
3519 71056.00
3520 65992.00
3521 74753.00
3522 69688.00
3523 65829.00
3524 68462.00
3525 64427.00
3526 65440.00
3527 65044.00
3528 66190.00
3529 69097.00
3530 64039.00
3531 72796.00
3532 72662.00
3533 67577.00
3534 72547.00
3535 67486.00
3536 69135.00
3537 64084.00
3538 64082.00
3539 68801.00
3540 68575.00
3541 63448.00
3542 71673.00
3543 66606.00
3544 63406.00
3545 63027.00
3546 62817.00
3547 63100.00
3548 65051.00
3549 67796.00
3550 62740.00
3551 62447.00
3552 63281.00
3553 63444.00
3554 66421.00
3555 66967.00
3556 78214.00
3557 73146.00
3558 72924.00
3559 68550.00
3560 64310.00
3561 65486.00
3562 68468.00
3563 71107.00
3564 66020.00
3565 65918.00
3566 65776.00
3567 66001.00
3568 65467.00
3569 65321.00
3570 66291.00
3571 65359.00
3572 69938.00
3573 70244.00
3574 65192.00
3575 64869.00
3576 64727.00
3577 64663.00
3578 65615.00
3579 65580.00
3580 66261.00
3581 69292.00
3582 64238.00
3583 68871.00
3584 64619.00
3585 63636.00
3586 63506.00
3587 63386.00
3588 63300.00
3589 68192.00
3590 79304.00
3591 74245.00
3592 71005.00
3593 65911.00
3594 62983.00
3595 62485.00
3596 63712.00
3597 66209.00
3598 69301.00
3599 72965.00
3600 67808.00
3601 66729.00
3602 66600.00
3603 66423.00
3604 66656.00
3605 66094.00
3607 69008.00
3606 74134.00
3608 71036.00
3609 70896.00
3610 65835.00
3611 73897.00
3612 68829.00
3613 70169.00
3614 71204.00
3615 75298.00
3616 75961.00
3617 70877.00
3618 65730.00
3619 67673.00
3620 62583.00
3621 64420.00
3622 64337.00
3623 64171.00
3624 75265.00
3625 74210.00
3626 79122.00
3627 74056.00
3628 68959.00
3629 71684.00
3630 66597.00
3631 67334.00
3632 69089.00
3633 64234.00
3634 75029.00
3635 76103.00
3636 71030.00
3637 65925.00
3638 63589.00
3639 66430.00
3640 67607.00
3641 75219.00
3642 70154.00
3643 66981.00
3644 62670.00
3645 66630.00
3646 74940.00
3647 79468.00
3648 77452.00
3649 76296.00
3650 72048.00
3651 68172.00
3652 64736.00
3653 64845.00
3654 67068.00
3655 69808.00
3656 64718.00
3657 65513.00
3658 65048.00
3659 64929.00
3660 65199.00
3661 73989.00
3662 83216.00
3663 78125.00
3664 73027.00
3665 67929.00
3666 64198.00
3667 64183.00
3668 64152.00
3669 66956.00
3670 68940.00
3671 74716.00
3672 69628.00
3673 65769.00
3674 68764.00
3675 64411.00
3676 66103.00
3677 69036.00
3678 63901.00
3679 66828.00
3680 67959.00
3681 62873.00
3682 62819.00
3683 62361.00
3684 63468.00
3685 66381.00
3686 67260.00
3687 62182.00
3688 61666.00
3689 66497.00
3690 66884.00
3691 74790.00
3692 74721.00
3693 74155.00
3694 71078.00
3695 65981.00
3696 66000.00
3697 66052.00
3698 68942.00
3699 63856.00
3700 63712.00
3701 65348.00
3702 65167.00
3703 65419.00
3704 67042.00
3705 77970.00
3706 72883.00
3707 67778.00
3708 67624.00
3709 63407.00
3710 65447.00
3711 69331.00
3712 64264.00
3713 66113.00
3714 68890.00
3715 63744.00
3716 64381.00
3717 65456.00
3718 76262.00
3719 71170.00
3720 71071.00
3721 65934.00
3722 66766.00
3723 77006.00
3724 71938.00
3725 73492.00
3726 68428.00
3727 63322.00
3728 63198.00
3729 66089.00
3730 67701.00
3731 74820.00
3732 69735.00
3733 76499.00
3734 71735.00
3735 71380.00
3736 67003.00
3737 69955.00
3738 65912.00
3739 66764.00
3740 69745.00
3741 64653.00
3742 65496.00
3743 66314.00
3744 69234.00
3745 64142.00
3746 64970.00
3747 67093.00
3748 78084.00
3749 73002.00
3750 67901.00
3751 68673.00
3752 64262.00
3753 65382.00
3754 65326.00
3755 68256.00
3756 63980.00
3757 64651.00
3758 66690.00
3759 69510.00
3760 64414.00
3761 64421.00
3762 73224.00
3763 73961.00
3764 68867.00
3765 68488.00
3766 63680.00
3767 63670.00
3768 62782.00
3769 62311.00
3770 62676.00
3771 73419.00
3772 84229.00
3773 79143.00
3774 81205.00
3775 76112.00
3776 72702.00
3777 70500.00
3778 68622.00
3779 65365.00
3780 62266.00
3781 67219.00
3782 69931.00
3783 66947.00
3784 67773.00
3785 62676.00
3786 65523.00
3787 65376.00
3788 76338.00
3789 71253.00
3790 73841.00
3792 71984.00
3793 66898.00
3794 69751.00
3795 65415.00
3796 66464.00
3797 66319.00
3798 70239.00
3799 65142.00
3800 67926.00
3801 62834.00
3802 64715.00
3803 64628.00
3804 67358.00
3805 76276.00
3806 71191.00
3807 71926.00
3808 67150.00
3809 66651.00
3810 68842.00
3811 64904.00
3812 68570.00
3813 69444.00
3814 65384.00
3815 67304.00
3816 67186.00
3817 74926.00
3818 81814.00
3819 85715.00
3820 80624.00
3821 75524.00
3822 70422.00
3823 73216.00
3824 68125.00
3825 64088.00
3826 66050.00
3827 70103.00
3828 65016.00
3829 66913.00
3830 77433.00
3831 72291.00
3832 67119.00
3833 65096.00
3834 67101.00
3835 69605.00
3836 65714.00
3837 64334.00
3838 64162.00
3839 64423.00
3840 64273.00
3841 64282.00
3842 63763.00
3843 63943.00
3844 64790.00
3845 67494.00
3846 62415.00
3847 71309.00
3848 66217.00
3849 67283.00
3850 77206.00
3851 72117.00
3852 71862.00
3853 72765.00
3854 71698.00
3855 67448.00
3856 70559.00
3857 66324.00
3858 67314.00
3859 70090.00
3860 65675.00
3861 68865.00
3862 63570.00
3863 65117.00
3864 66198.00
3865 66106.00
3866 66222.00
3867 67786.00
3868 62696.00
3869 73677.00
3870 83635.00
3871 78553.00
3872 73448.00
3873 68347.00
3874 65272.00
3875 65119.00
3876 65937.00
3877 72696.00
3878 75847.00
3879 70800.00
3880 74373.00
3881 70244.00
3882 66264.00
3883 66172.00
3884 65996.00
3885 64651.00
3886 67860.00
3887 62772.00
3888 63681.00
3889 64436.00
3890 64264.00
3891 75426.00
3892 70377.00
3893 65280.00
3894 63018.00
3895 64974.00
3896 66794.00
3897 69832.00
3898 64701.00
3899 67367.00
3900 62275.00
3901 62146.00
3902 62010.00
3903 62146.00
3904 74849.00
3905 69758.00
3906 67571.00
3907 62480.00
3908 65551.00
3909 66358.00
3910 66448.00
3911 66860.00
3912 70019.00
3913 64953.00
3914 66507.00
3915 69633.00
3916 65398.00
3917 65524.00
3918 65435.00
3919 73150.00
3920 73034.00
3921 67947.00
3922 69000.00
3923 63907.00
3924 64657.00
3925 64458.00
3926 64307.00
3927 66201.00
3928 69381.00
3929 64292.00
3930 64934.00
3931 63970.00
3932 63893.00
3933 63718.00
3934 64491.00
3935 71423.00
3936 66328.00
3937 63115.00
3938 63132.00
3939 63792.00
3940 67341.00
3941 67729.00
3942 70583.00
3943 65490.00
3944 67333.00
3945 67239.00
3946 70222.00
3947 65137.00
3948 67910.00
3949 78754.00
3950 73602.00
3951 71199.00
3952 73948.00
3953 76895.00
3954 71823.00
3955 66469.00
3956 69197.00
3957 64072.00
3958 64794.00
3959 64781.00
3960 64586.00
3961 64523.00
3962 64369.00
3963 64279.00
3964 64201.00
3965 64162.00
3966 68932.00
3967 69020.00
3968 63932.00
3969 66893.00
3970 77652.00
3971 72590.00
3972 73247.00
3973 77194.00
3974 72097.00
3975 67354.00
3976 63017.00
3977 62923.00
3978 62749.00
3979 62589.00
3980 62404.00
3981 67331.00
3982 75413.00
3983 70330.00
3984 66826.00
3985 66751.00
3986 66613.00
3987 66616.00
3988 66480.00
3989 66357.00
3990 66233.00
3991 76405.00
3992 71350.00
3993 71003.00
3994 65922.00
3995 65905.00
3996 65825.00
3997 65458.00
3998 65677.00
3999 73519.00
