4000
0 83950.00
1 85284.00
2 84289.00
3 84622.00
4 83119.00
5 82458.00
6 82537.00
7 82406.00
8 82501.00
9 82182.00
10 82233.00
11 82707.00
12 83705.00
13 82349.00
14 82256.00
15 82025.00
16 82098.00
17 81842.00
18 81943.00
19 81885.00
20 82427.00
21 82662.00
22 82122.00
23 82637.00
24 81856.00
25 89110.00
26 88235.00
27 86783.00
28 86610.00
29 85383.00
30 84014.00
31 82229.00
32 82058.00
33 82140.00
34 94462.00
35 92605.00
36 90911.00
37 89493.00
38 88517.00
39 86545.00
40 85902.00
41 84687.00
42 82909.00
43 82021.00
44 82203.00
45 82263.00
46 82301.00
47 88963.00
48 87567.00
49 86328.00
50 95261.00
51 93968.00
52 92557.00
53 90821.00
54 91898.00
55 93844.00
56 91839.00
57 90154.00
58 88489.00
59 87020.00
60 86704.00
61 85013.00
62 83297.00
63 81889.00
64 82119.00
65 82105.00
66 84306.00
67 87291.00
68 85708.00
69 85273.00
70 83620.00
71 82098.00
72 82148.00
73 84760.00
74 83231.00
75 204126.00
76 203231.00
77 201251.00
78 201507.00
79 199513.00
80 198043.00
81 201952.00
82 200172.00
83 198494.00
84 197949.00
85 196959.00
86 195492.00
87 193735.00
88 191806.00
89 190273.00
90 189378.00
91 187577.00
92 185592.00
93 184112.00
94 183759.00
95 182163.00
96 181676.00
97 179678.00
98 178250.00
99 185377.00
100 183360.00
101 181833.00
102 180074.00
103 179976.00
104 178118.00
105 176322.00
106 174587.00
107 172862.00
108 170893.00
109 169705.00
110 167672.00
111 168382.00
112 166541.00
113 166425.00
114 164536.00
115 162702.00
116 161210.00
117 159451.00
118 157491.00
119 156013.00
120 154043.00
121 152807.00
122 150856.00
123 154264.00
124 152271.00
125 151013.00
126 149060.00
127 148038.00
128 146062.00
129 146320.00
130 145097.00
131 143122.00
132 141105.00
133 139354.00
134 141308.00
135 160812.00
136 161846.00
137 163198.00
138 163417.00
139 161941.00
140 160221.00
141 158963.00
142 159676.00
143 157967.00
144 156206.00
145 154193.00
146 152994.00
147 151051.00
148 150068.00
149 149807.00
150 148126.00
151 146627.00
152 144890.00
153 142872.00
154 142059.00
155 140388.00
156 141433.00
157 141876.00
158 140101.00
159 138679.00
160 137829.00
161 137283.00
162 135200.00
163 134108.00
164 133106.00
165 132918.00
166 131774.00
167 132494.00
168 130518.00
169 129220.00
170 127275.00
171 125762.00
172 123831.00
173 123796.00
174 125474.00
175 124689.00
176 124218.00
177 122231.00
178 122307.00
179 120302.00
180 120346.00
181 118991.00
182 117559.00
183 115537.00
184 114513.00
185 113562.00
186 112089.00
187 110092.00
188 108358.00
189 106861.00
190 106393.00
191 105697.00
192 105815.00
193 102241.00
194 106364.00
195 104565.00
196 103407.00
197 103422.00
198 101386.00
199 100674.00
200 99688.00
201 98235.00
202 96858.00
203 95188.00
204 102837.00
205 101277.00
206 99637.00
207 98279.00
208 96107.00
209 96167.00
210 94227.00
211 92407.00
212 91182.00
213 89452.00
214 87660.00
215 85910.00
216 83983.00
217 82867.00
218 81726.00
219 81991.00
220 82061.00
221 81879.00
222 82098.00
223 82356.00
224 82325.00
225 82347.00
226 81835.00
227 82102.00
228 82045.00
229 82262.00
230 82433.00
231 82338.00
232 82584.00
233 82399.00
234 81732.00
235 82204.00
236 81979.00
237 82206.00
238 83966.00
239 84488.00
240 82192.00
241 82429.00
242 82651.00
243 81956.00
244 83942.00
245 82171.00
246 82168.00
247 82400.00
248 82413.00
249 82562.00
250 81937.00
251 82098.00
252 81848.00
253 82299.00
254 82308.00
255 82290.00
256 82272.00
257 82328.00
258 81803.00
259 82013.00
260 82025.00
261 82013.00
262 82107.00
263 82223.00
264 95350.00
265 93797.00
266 91805.00
267 90079.00
268 88595.00
269 87612.00
270 89028.00
271 213842.00
272 211748.00
273 210645.00
274 211840.00
275 211030.00
276 211461.00
277 209711.00
278 208516.00
279 207800.00
280 205799.00
281 204276.00
282 203297.00
283 201563.00
284 204257.00
285 204169.00
286 203253.00
287 201236.00
288 200023.00
289 198083.00
290 196624.00
291 194584.00
292 193088.00
293 191374.00
294 189624.00
295 189362.00
296 188530.00
297 186413.00
298 185158.00
299 183150.00
300 182429.00
301 181085.00
302 180437.00
303 179192.00
304 177225.00
305 175251.00
306 175164.00
307 173430.00
308 171759.00
309 171009.00
310 169004.00
311 167314.00
312 165540.00
313 164131.00
314 162070.00
315 160597.00
316 158635.00
317 157564.00
318 156662.00
319 155400.00
320 153465.00
321 151640.00
322 149926.00
323 148230.00
324 147250.00
325 145462.00
326 143774.00
327 142256.00
328 141845.00
329 140312.00
330 138268.00
331 136579.00
332 134587.00
333 133054.00
334 134324.00
335 132527.00
336 130734.00
337 129866.00
338 129133.00
339 127332.00
340 125610.00
341 124122.00
342 122218.00
343 120512.00
344 118907.00
345 117176.00
346 115482.00
347 113720.00
348 113562.00
349 111745.00
350 109832.00
351 109047.00
352 107857.00
353 106639.00
354 104567.00
355 102884.00
356 102350.00
357 101879.00
358 101816.00
359 99857.00
360 98621.00
361 97640.00
362 96854.00
363 95407.00
364 93396.00
365 92637.00
366 91761.00
367 95491.00
368 93453.00
369 92959.00
370 91110.00
371 89435.00
372 88179.00
373 86984.00
374 84912.00
375 83418.00
376 81956.00
377 81928.00
378 82202.00
379 82127.00
380 82181.00
381 82150.00
382 82364.00
383 81629.00
384 81879.00
385 82438.00
386 82107.00
387 82116.00
388 82106.00
389 82379.00
390 82346.00
391 81849.00
392 82124.00
393 81815.00
394 82046.00
395 82255.00
396 82017.00
397 82268.00
398 82291.00
399 81733.00
400 81991.00
401 81979.00
402 82227.00
403 82224.00
404 82186.00
405 82427.00
406 81729.00
407 81945.00
408 81924.00
409 81944.00
410 81885.00
411 84871.00
412 83850.00
413 82382.00
414 81840.00
415 84794.00
416 86075.00
417 86988.00
418 88403.00
419 88743.00
420 87978.00
421 85984.00
422 84264.00
423 82782.00
424 83240.00
425 83532.00
426 82272.00
427 82500.00
428 82267.00
429 82605.00
430 82260.00
431 82157.00
432 82221.00
433 81974.00
434 82161.00
435 82190.00
436 82194.00
437 82450.00
438 82421.00
439 82414.00
440 81935.00
441 82183.00
442 82140.00
443 82113.00
444 82305.00
445 82365.00
446 82820.00
447 81819.00
448 82032.00
449 82046.00
450 84039.00
451 83036.00
452 85713.00
453 83832.00
454 82506.00
455 81987.00
456 81957.00
457 81979.00
458 81987.00
459 82214.00
460 82163.00
461 81691.00
462 81686.00
463 81913.00
464 82119.00
465 84105.00
466 82342.00
467 82170.00
468 82145.00
469 82360.00
470 81810.00
471 81797.00
472 81772.00
473 82033.00
474 83015.00
475 82028.00
476 82222.00
477 86431.00
478 84657.00
479 83155.00
480 84931.00
481 84188.00
482 82165.00
483 82274.00
484 82672.00
485 82479.00
486 81945.00
487 81881.00
488 82172.00
489 82124.00
490 82118.00
491 90782.00
492 89234.00
493 88542.00
494 86751.00
495 85010.00
496 83502.00
497 945960.00
498 946680.00
499 944899.00
500 944611.00
501 943383.00
502 942156.00
503 992702.00
504 991679.00
505 990188.00
506 994348.00
507 993596.00
508 991800.00
509 990102.00
510 992112.00
511 990402.00
512 989587.00
513 988358.00
514 986643.00
515 984922.00
516 984276.00
517 982921.00
518 982402.00
519 1021449.00
520 1023779.00
521 1024018.00
522 1022306.00
523 1021045.00
524 1020528.00
525 1021785.00
526 1148981.00
527 1147408.00
528 1153298.00
529 1151949.00
530 1150144.00
531 1148116.00
532 1147151.00
533 1145704.00
534 1153851.00
535 1154114.00
536 1162774.00
537 1160712.00
538 1160711.00
539 1158877.00
540 1157116.00
541 1157419.00
542 1162314.00
543 1160333.00
544 1158865.00
545 1157832.00
546 1156108.00
547 1154125.00
548 1154150.00
549 1156326.00
550 1159029.00
551 1157242.00
552 1156022.00
553 1154893.00
554 1153621.00
555 1153656.00
556 1152091.00
557 1152084.00
558 1153345.00
559 1153330.00
560 1152582.00
561 1162863.00
562 1163881.00
563 1161880.00
564 1159910.00
565 1160399.00
566 1159112.00
567 1159450.00
568 1157946.00
569 1156655.00
570 1157152.00
571 1155461.00
572 1154947.00
573 1153311.00
574 1151471.00
575 1151196.00
576 1149471.00
577 1149202.00
578 1254223.00
579 1252500.00
580 1250705.00
581 1251204.00
582 1251695.00
583 1265551.00
584 1264730.00
585 1263036.00
586 1261257.00
587 1259263.00
588 1258093.00
589 1256107.00
590 1254169.00
591 1252696.00
592 1251907.00
593 1262589.00
594 1260661.00
595 1277263.00
596 1278899.00
597 1277187.00
598 1276856.00
599 1276389.00
600 1278088.00
601 1279364.00
602 1284108.00
603 1282290.00
604 1302557.00
605 1300456.00
606 1298720.00
607 1297953.00
608 1296293.00
609 1294265.00
610 1293332.00
611 1291804.00
612 1290098.00
613 1290085.00
614 1291266.00
615 1291595.00
616 1290991.00
617 1292256.00
618 1292753.00
619 1300341.00
620 1298903.00
621 1298145.00
622 1297119.00
623 1296400.00
624 1295615.00
625 1294220.00
626 1292164.00
627 1290134.00
628 1288468.00
629 1292514.00
630 1300534.00
631 1298789.00
632 1298505.00
633 1297722.00
634 1296518.00
635 1301184.00
636 1300481.00
637 1300778.00
638 1299822.00
639 1299275.00
640 1297749.00
641 1298231.00
642 1296701.00
643 1298946.00
644 1299876.00
645 1298161.00
646 1300626.00
647 1301548.00
648 1302747.00
649 1309144.00
650 1307383.00
651 1305703.00
652 1304717.00
653 1303720.00
654 1302435.00
655 1301683.00
656 1313322.00
657 1317227.00
658 1316222.00
659 1314494.00
660 1312971.00
661 1311047.00
662 1309533.00
663 1310545.00
664 1308992.00
665 1307014.00
666 1306126.00
667 1304641.00
668 1303631.00
669 1303056.00
670 1302629.00
671 1301753.00
672 1304317.00
673 1306002.00
674 1305216.00
675 1306845.00
676 1305946.00
677 1303991.00
678 1304443.00
679 1303963.00
680 1429019.00
681 1429825.00
682 1430873.00
683 1431014.00
684 1434116.00
685 1434016.00
686 1432012.00
687 1430508.00
688 1429990.00
689 1428989.00
690 1431551.00
691 1430094.00
692 1442670.00
693 1441441.00
694 1439869.00
695 1438443.00
696 1437424.00
697 1437400.00
698 1435927.00
699 1491667.00
700 1499491.00
701 1497731.00
702 1497511.00
703 1495786.00
704 1493955.00
705 1493327.00
706 1491299.00
707 1490573.00
708 1488599.00
709 1491821.00
710 1490189.00
711 1490794.00
712 1489266.00
713 1492461.00
714 1503349.00
715 1501532.00
716 1507803.00
717 1506063.00
718 1504472.00
719 1502756.00
720 1502567.00
721 1500930.00
722 1505249.00
723 1503529.00
724 1505710.00
725 1504473.00
726 1502332.00
727 1503912.00
728 1502409.00
729 1500686.00
730 1500728.00
731 1504159.00
732 1503960.00
733 1502405.00
734 1500900.00
735 1500031.00
736 1498224.00
737 1497365.00
738 1496241.00
739 1509844.00
740 1508009.00
741 1507009.00
742 1505538.00
743 1509309.00
744 1510181.00
745 1508989.00
746 1511006.00
747 1511418.00
748 1518260.00
749 1520321.00
750 1518217.00
751 1516539.00
752 1514912.00
753 1514113.00
754 1514379.00
755 1514535.00
756 1513563.00
757 1573053.00
758 1570919.00
759 1569296.00
760 1567677.00
761 1567425.00
762 1565714.00
763 1564949.00
764 1562722.00
765 1561201.00
766 1560293.00
767 1558477.00
768 1558519.00
769 1556779.00
770 1555023.00
771 1554327.00
772 1562446.00
773 1562054.00
774 1564971.00
775 1566089.00
776 1564120.00
777 1564875.00
778 1565552.00
779 1563811.00
780 1562332.00
781 1560364.00
782 1559667.00
783 1558548.00
784 1557627.00
785 1556867.00
786 1557670.00
787 1555876.00
788 1554380.00
789 1552483.00
790 1552020.00
791 1553058.00
792 1551749.00
793 1551176.00
794 1549412.00
796 1548797.00
797 1548210.00
798 1548197.00
800 1539331.00
801 1537594.00
802 1536417.00
803 1536377.00
804 1536125.00
814 1445631.00
815 1446779.00
816 1450290.00
817 1448796.00
818 1447083.00
819 1445326.00
820 1443396.00
821 1442126.00
822 1441401.00
823 1439430.00
824 1440121.00
825 1441842.00
826 1443630.00
827 1452251.00
828 1453494.00
829 1453676.00
830 1452242.00
831 1450398.00
832 1453115.00
833 1451704.00
834 1449644.00
835 1447819.00
836 1457953.00
837 1457964.00
838 1457005.00
839 1454982.00
840 1453783.00
841 1467352.00
842 1474445.00
843 1473014.00
844 1471815.00
845 1471476.00
846 1472424.00
847 1480124.00
848 1484486.00
849 1482755.00
850 1483081.00
851 1481622.00
852 1479881.00
853 1478452.00
854 1476744.00
855 1476216.00
856 1476989.00
857 1476401.00
858 1476136.00
859 1476175.00
860 1475939.00
861 1480656.00
862 1479997.00
863 1479627.00
864 1477814.00
865 1478798.00
866 1477053.00
867 1476888.00
869 1466181.00
870 1464279.00
871 1464457.00
872 1462945.00
873 1462045.00
874 1461033.00
875 1460130.00
876 1458284.00
877 1473773.00
878 1481233.00
879 1479955.00
882 1458995.00
883 1461267.00
884 1460923.00
885 1468598.00
886 1472061.00
887 1474738.00
888 1478953.00
889 1476905.00
890 1476166.00
891 1476184.00
892 1474223.00
893 1472449.00
894 1470681.00
895 1469988.00
896 1468073.00
897 1466261.00
898 1465572.00
899 1465277.00
900 1463621.00
901 1463248.00
902 1462004.00
903 1462554.00
904 1466437.00
905 1470809.00
906 1473581.00
908 1466870.00
909 1466342.00
910 1464383.00
911 1463419.00
912 1462415.00
913 1464601.00
915 1457474.00
918 1450881.00
919 1449280.00
920 1447304.00
921 1446613.00
922 1445329.00
923 1444577.00
924 1445114.00
925 1443844.00
926 1442113.00
927 1443851.00
928 1442088.00
929 1441405.00
930 1439697.00
931 1439610.00
932 1437915.00
933 1436638.00
934 1435355.00
935 1433332.00
936 1432341.00
937 1431344.00
938 1429684.00
939 1427887.00
940 1426440.00
941 1425195.00
942 1424345.00
943 1423203.00
944 1423180.00
945 1421450.00
946 1425195.00
947 1426889.00
948 1442412.00
949 1454000.00
950 1452692.00
951 1451443.00
952 1465777.00
953 1467266.00
954 1465427.00
955 1464446.00
956 1463779.00
957 1461721.00
958 1464540.00
959 1464707.00
960 1463289.00
961 1461301.00
962 1461071.00
963 1459574.00
964 1458227.00
965 1457241.00
966 1456282.00
967 1454497.00
968 1452773.00
969 1451341.00
970 1449817.00
971 1448851.00
972 1448811.00
973 1447047.00
974 1445037.00
975 1447055.00
976 1445036.00
977 1443283.00
978 1441854.00
979 1443374.00
980 1444568.00
981 1444901.00
982 1443638.00
983 1442593.00
984 1441774.00
985 1440827.00
986 1440085.00
987 1439029.00
988 1439317.00
989 1440766.00
990 1441768.00
991 1443469.00
992 1444440.00
993 1445044.00
994 1443139.00
995 1441138.00
996 1439945.00
997 1461300.00
998 1459403.00
999 1457631.00
1000 1586347.00
1001 1599576.00
1002 1611169.00
1003 1610106.00
1004 1623978.00
1005 1627196.00
1006 1626662.00
1007 1629544.00
1008 1632111.00
1009 1630330.00
1010 1628291.00
1011 1637562.00
1012 1636161.00
1013 1641410.00
1014 1640149.00
1015 1638567.00
1016 1649263.00
1017 1648429.00
1018 1646506.00
1019 1647928.00
1020 1646401.00
1021 1644714.00
1023 1632579.00
1024 1632302.00
1026 1631545.00
1027 1631036.00
1028 1629058.00
1029 1628300.00
1032 1611251.00
1033 1620707.00
1034 1620158.00
1035 1618686.00
1036 1618894.00
1039 1605875.00
1040 1604874.00
1041 1602844.00
1042 1601679.00
1043 1599602.00
1046 1711521.00
1047 1709510.00
1049 1698721.00
1050 1696664.00
1051 1697698.00
1052 1696705.00
1053 1694980.00
1054 1693196.00
1055 1705072.00
1056 1702965.00
1057 1701283.00
1058 1699539.00
1059 1699985.00
1060 1701279.00
1061 1721963.00
1062 1720703.00
1063 1718687.00
1064 1727832.00
1065 1726231.00
1066 1725005.00
1067 1726381.00
1068 1725061.00
1069 1723755.00
1070 1722280.00
1071 1722027.00
1072 1720316.00
1073 1719811.00
1074 1718048.00
1075 1716024.00
1076 1714841.00
1077 1712806.00
1078 1711855.00
1079 1713879.00
1080 1712870.00
1081 1712835.00
1082 1710884.00
1083 1709450.00
1084 1707327.00
1085 1705910.00
1086 1703843.00
1087 1702648.00
1088 1700707.00
1089 1703411.00
1090 1702180.00
1091 1702256.00
1092 1704110.00
1093 1702431.00
1094 1701450.00
1095 1699511.00
1096 1700162.00
1098 1690539.00
1099 1688785.00
1100 1688601.00
1101 1687549.00
1102 1687062.00
1103 1685140.00
1105 1674056.00
1106 1672465.00
1107 1670696.00
1108 1672263.00
1110 1661588.00
1111 1659519.00
1112 1659694.00
1113 1658471.00
1115 1648733.00
1116 1647391.00
1117 1645537.00
1118 1644233.00
1119 1642829.00
1120 1641077.00
1121 1643900.00
1122 1643719.00
1123 1641818.00
1124 1692295.00
1125 1690365.00
1126 1694957.00
1127 1693814.00
1128 1691566.00
1129 1690752.00
1131 1689864.00
1132 1687783.00
1133 1686554.00
1134 1684487.00
1135 1686511.00
1136 1694149.00
1137 1693415.00
1150 1570305.00
1151 1569854.00
1152 1568914.00
1153 1567634.00
1154 1565584.00
1155 1563874.00
1156 1562613.00
1157 1561392.00
1158 1564055.00
1159 1562058.00
1160 1560613.00
1161 1569050.00
1162 1566993.00
1163 1565882.00
1164 1569457.00
1165 1568484.00
1166 1567716.00
1167 1566458.00
1168 1567953.00
1169 1568652.00
1170 1567617.00
1171 1565916.00
1172 1564482.00
1173 1563463.00
1174 1562405.00
1176 1556069.00
1177 1554011.00
1178 1553294.00
1179 1553272.00
1181 1542134.00
1182 1540889.00
1183 1539606.00
1184 1540281.00
1185 1539159.00
1186 1539865.00
1187 1540996.00
1188 1538957.00
1189 1540458.00
1190 1539139.00
1191 1539361.00
1192 1550313.00
1194 1549059.00
1195 1547726.00
1196 1545747.00
1208 1433539.00
1209 1433592.00
1211 1435807.00
1212 1436279.00
1214 1428100.00
1215 1427885.00
1216 1428871.00
1217 1432556.00
1218 1432254.00
1219 1430522.00
1220 1429615.00
1221 1428231.00
1222 1427957.00
1223 1426256.00
1224 1424498.00
1225 1422704.00
1226 1421037.00
1227 1419048.00
1228 1417795.00
1230 1420061.00
1231 1459797.00
1232 1470102.00
1234 1460596.00
1235 1458903.00
1236 1458649.00
1237 1456969.00
1238 1456718.00
1239 1454960.00
1240 1453504.00
1241 1451508.00
1242 1457058.00
1243 1460072.00
1245 1450112.00
1247 1439629.00
1248 1437851.00
1249 1435885.00
1250 1434440.00
1251 1448255.00
1252 1602756.00
1253 1602619.00
1254 1601416.00
1255 1599371.00
1256 1602366.00
1257 1603629.00
1258 1605004.00
1259 1603222.00
1260 1603978.00
1261 1602236.00
1262 1602006.00
1263 1600822.00
1264 1599936.00
1265 1598786.00
1266 1598008.00
1267 1603931.00
1268 1602167.00
1269 1600482.00
1270 1598954.00
1271 1597679.00
1272 1597020.00
1273 1595393.00
1274 1684442.00
1275 1682423.00
1276 1682379.00
1277 1680873.00
1278 1680160.00
1279 1678205.00
1280 1676430.00
1281 1676171.00
1282 1676182.00
1283 1676006.00
1284 1674186.00
1285 1672362.00
1287 1660328.00
1288 1659804.00
1289 1657886.00
1290 1656870.00
1291 1655903.00
1292 1654163.00
1293 1652119.00
1294 1652110.00
1295 1651148.00
1296 1654843.00
1297 1653348.00
1298 1652621.00
1299 1650871.00
1300 1651374.00
1301 1652625.00
1302 1651590.00
1303 1650642.00
1304 1663712.00
1305 1661939.00
1306 1660431.00
1307 1659697.00
1308 1658236.00
1309 1659657.00
1310 1661153.00
1311 1661248.00
1312 1662646.00
1313 1662862.00
1314 1662104.00
1315 1662058.00
1316 1660044.00
1317 1658862.00
1318 1656905.00
1319 1655406.00
1320 1658202.00
1321 1656389.00
1322 1654884.00
1323 1652902.00
1324 1652032.00
1325 1650916.00
1326 1650964.00
1327 1649916.00
1328 1649214.00
1329 1649149.00
1330 1647670.00
1331 1646402.00
1332 1648867.00
1333 1665910.00
1334 1667847.00
1335 1669035.00
1336 1671263.00
1337 1670484.00
1338 1668861.00
1339 1668306.00
1340 1667773.00
1341 1668329.00
1342 1671935.00
1343 1670280.00
1344 1670176.00
1345 1681219.00
1346 1679564.00
1347 1678855.00
1348 1676828.00
1349 1675092.00
1350 1673373.00
1351 1675102.00
1352 1675562.00
1353 1673825.00
1354 1672123.00
1355 1670129.00
1356 1669755.00
1357 1672559.00
1358 1673878.00
1359 1677715.00
1360 1678453.00
1361 1685392.00
1362 1684830.00
1363 1683382.00
1364 1682916.00
1365 1681397.00
1366 1683902.00
1367 1682145.00
1368 1775553.00
1369 1776806.00
1370 1778032.00
1371 1778491.00
1372 1780417.00
1373 1781744.00
1374 1782879.00
1375 1785589.00
1376 1785770.00
1377 1791583.00
1378 1791538.00
1379 1789475.00
1380 1787701.00
1381 1786643.00
1382 1787694.00
1383 1785916.00
1384 1783930.00
1385 1784718.00
1386 1783766.00
1387 1799795.00
1388 1798526.00
1389 2031172.00
1403 1897979.00
1404 1896484.00
1405 1895987.00
1406 1894527.00
1407 1892780.00
1408 1891984.00
1409 1890307.00
1410 1889768.00
1411 1888177.00
1412 1886395.00
1413 1885069.00
1414 1883541.00
1415 1881827.00
1416 1880331.00
1417 1878819.00
1418 1877340.00
1419 1875351.00
1420 1875145.00
1421 1873369.00
1422 1871888.00
1423 1873638.00
1424 1873341.00
1425 1872917.00
1426 1870926.00
1427 1869445.00
1428 1868448.00
1434 1820797.00
1435 1820973.00
1436 1837959.00
1437 1837952.00
1438 1838970.00
1439 1841603.00
1440 1841650.00
1442 1840137.00
1443 1838726.00
1444 1836950.00
1445 1835152.00
1446 1833892.00
1447 1832420.00
1448 1831753.00
1449 1831322.00
1450 1829533.00
1451 1828574.00
1452 1826832.00
1453 1825232.00
1454 1823536.00
1455 1822004.00
1456 1820206.00
1457 1830409.00
1458 1839464.00
1459 1837718.00
1461 1825896.00
1462 1824847.00
1463 1823105.00
1464 1822842.00
1465 1821609.00
1466 1820340.00
1467 1818389.00
1468 1818929.00
1469 1817365.00
1470 1817141.00
1471 1815881.00
1472 1815142.00
1473 1814928.00
1475 1803535.00
1476 1801768.00
1479 1782119.00
1480 1782546.00
1481 1781295.00
1482 1779945.00
1483 1781083.00
1484 1779580.00
1485 1778525.00
1486 1776660.00
1487 1775360.00
1488 1773556.00
1489 1771634.00
1490 1776332.00
1491 1774344.00
1492 1772825.00
1493 1817843.00
1494 1815703.00
1496 1805581.00
1497 1803656.00
1498 1802342.00
1499 1801139.00
1500 1799384.00
1501 1799497.00
1502 1797422.00
1503 1796152.00
1504 1794194.00
1505 1793184.00
1506 1791184.00
1507 1790002.00
1508 1787964.00
1509 1785996.00
1510 1798659.00
1511 1797844.00
1512 1796637.00
1513 1796351.00
1514 1795411.00
1515 1794268.00
1516 1797832.00
1517 1797043.00
1518 1794912.00
1519 1795465.00
1520 1795415.00
1521 1793426.00
1522 1792630.00
1523 1791340.00
1524 1790800.00
1525 1790362.00
1526 1788861.00
1527 1786809.00
1528 1786105.00
1529 1785119.00
1536 1724450.00
1537 1731858.00
1538 1730109.00
1541 1723448.00
1542 1721704.00
1543 1720063.00
1544 1718980.00
1547 1699995.00
1548 1699469.00
1549 1699217.00
1550 1699702.00
1551 1697980.00
1552 1696264.00
1553 1697537.00
1554 1707583.00
1555 1705553.00
1556 1704063.00
1558 1694346.00
1583 1450332.00
1584 1448579.00
1585 1446792.00
1586 1445831.00
1587 1455042.00
1588 1454225.00
1590 1444203.00
1591 1442872.00
1592 1441387.00
1593 1439694.00
1594 1438403.00
1595 1438966.00
1596 1440723.00
1597 1438675.00
1598 1437322.00
1599 1436231.00
1600 1434417.00
1601 1435711.00
1602 1434753.00
1603 1433753.00
1604 1431761.00
1605 1432527.00
1606 1430751.00
1607 1429702.00
1608 1427792.00
1609 1426319.00
1610 1425793.00
1611 1424344.00
1612 1433629.00
1615 1419756.00
1616 1419197.00
1617 1417442.00
1618 1415998.00
1619 1414929.00
1620 1413235.00
1621 1411177.00
1622 1535245.00
1623 1533134.00
1624 1534707.00
1625 1536793.00
1626 1535558.00
1627 1535125.00
1628 1532903.00
1629 1531380.00
1630 1529643.00
1631 1539077.00
1632 1541008.00
1633 1539974.00
1634 1537971.00
1635 1536200.00
1636 1534683.00
1637 1534205.00
1638 1532858.00
1639 1535461.00
1640 1535961.00
1641 1536416.00
1642 1535083.00
1643 1538511.00
1644 1555900.00
1645 1556086.00
1646 1567299.00
1647 1565354.00
1648 1563613.00
1649 1561850.00
1650 1560841.00
1651 1562206.00
1652 1561083.00
1653 1559373.00
1654 1557623.00
1655 1559103.00
1656 1557084.00
1657 1555384.00
1658 1553687.00
1659 1551934.00
1660 1551951.00
1661 1566852.00
1662 1565552.00
1663 1564738.00
1666 1543247.00
1667 1546972.00
1668 1551938.00
1669 1550174.00
1670 1560303.00
1671 1558358.00
1672 1557104.00
1673 1555088.00
1674 1554650.00
1675 1553316.00
1676 1553465.00
1677 1552074.00
1679 1541181.00
1680 1539330.00
1681 1539304.00
1682 1537754.00
1683 1535751.00
1684 1534133.00
1685 1532775.00
1686 1531060.00
1687 1530774.00
1688 1529094.00
1689 1527391.00
1690 1525679.00
1691 1528381.00
1692 1532761.00
1693 1530987.00
1694 1530710.00
1695 1529683.00
1696 1533673.00
1697 1531923.00
1698 1533179.00
1699 1531424.00
1700 1529692.00
1701 1529440.00
1702 1538771.00
1703 1537526.00
1704 1537523.00
1705 1535586.00
1706 1534118.00
1707 1532371.00
1708 1530641.00
1709 1528693.00
1710 1527148.00
1711 1526159.00
1712 1525774.00
1713 1525432.00
1714 1524539.00
1715 1530399.00
1716 1529322.00
1717 1529869.00
1718 1530579.00
1719 1528605.00
1720 1548594.00
1721 1547444.00
1722 1550493.00
1723 1549498.00
1724 1547453.00
1725 1545932.00
1726 1544188.00
1727 1542480.00
1728 1540546.00
1729 1539274.00
1730 1538048.00
1731 1538119.00
1732 1536100.00
1733 1536556.00
1734 1537146.00
1735 1538019.00
1736 1539422.00
1737 1540915.00
1738 1546135.00
1739 1547926.00
1740 1546892.00
1741 1552362.00
1742 1550322.00
1743 1550505.00
1744 1550683.00
1745 1572218.00
1746 1570541.00
1747 1574087.00
1748 1572826.00
1749 1572174.00
1750 1573396.00
1751 1571906.00
1753 1561816.00
1754 1560059.00
1767 1437696.00
1768 1436746.00
1769 1439452.00
1770 1438391.00
1771 1437469.00
1772 1438234.00
1773 1436636.00
1774 1435854.00
1775 1435092.00
1776 1433390.00
1777 1431398.00
1778 1430667.00
1779 1429073.00
1780 1427169.00
1781 1426212.00
1782 1424532.00
1783 1423292.00
1784 1425722.00
1785 1423955.00
1786 1423716.00
1787 1421938.00
1788 1421184.00
1789 1420161.00
1790 1418556.00
1791 1416784.00
1792 1414991.00
1793 1413291.00
1794 1414102.00
1795 1412428.00
1796 1412716.00
1797 1411232.00
1798 1412235.00
1799 1410472.00
1800 1408976.00
1801 1407653.00
1802 1405369.00
1803 1408773.00
1804 1408175.00
1805 1406440.00
1806 1404745.00
1807 1403228.00
1808 1402010.00
1809 1402529.00
1810 1404547.00
1811 1404317.00
1812 1402602.00
1813 1401050.00
1814 1399029.00
1815 1398958.00
1816 1396795.00
1817 1396041.00
1818 1394059.00
1819 1397313.00
1820 1395574.00
1821 1393789.00
1822 1397863.00
1823 1401459.00
1824 1418731.00
1825 1417490.00
1826 1415504.00
1827 1417688.00
1828 1419012.00
1829 1419623.00
1830 1421270.00
1831 1422269.00
1832 1421054.00
1833 1419781.00
1834 1417743.00
1835 1416762.00
1836 1415295.00
1837 1424207.00
1838 1435297.00
1839 1435521.00
1840 1435686.00
1841 1440918.00
1842 1439111.00
1843 1437409.00
1844 1607475.00
1845 2338398.00
1846 2336175.00
1847 2334683.00
1848 2332735.00
1849 2331505.00
1850 2330003.00
1851 2330262.00
1852 2328505.00
1853 2327018.00
1854 2326871.00
1855 2325019.00
1856 2323500.00
1857 2321594.00
1858 2320527.00
1859 2318831.00
1860 2317329.00
1861 2316053.00
1862 2317094.00
1863 2315607.00
1864 2313858.00
1865 2312147.00
1866 2313603.00
1867 2314044.00
1868 2315614.00
1869 2317360.00
1870 2316592.00
1871 2316531.00
1872 2316251.00
1873 2315003.00
1874 2332093.00
1875 2334448.00
1876 2336375.00
1877 2334842.00
1878 2334412.00
1879 2345575.00
1880 2348758.00
1881 2347951.00
1882 2347683.00
1883 2347466.00
1884 2351652.00
1885 2349736.00
1886 2347936.00
1887 2346384.00
1888 2355778.00
1889 2356180.00
1890 2359713.00
1891 2361638.00
1892 2360166.00
1893 2362003.00
1894 2364570.00
1895 2379394.00
1896 2381837.00
1897 2384520.00
1898 2386015.00
1899 2387488.00
1900 2386710.00
1901 2385955.00
1902 2391649.00
1903 2390146.00
1904 2388849.00
1905 2389131.00
1906 2387848.00
1907 2386206.00
1908 2385201.00
1911 2370958.00
1912 2379973.00
1914 2519867.00
1915 2517855.00
1916 2516175.00
1917 2514383.00
1918 2513678.00
1919 2514606.00
1921 2504303.00
1922 2507958.00
1923 2507001.00
1925 2497856.00
1926 2496614.00
1927 2495408.00
1928 2497088.00
1929 2495090.00
1930 2494388.00
1931 2492590.00
1932 2490835.00
1933 2489914.00
1935 2483787.00
1936 2485427.00
1937 2486114.00
1938 2489318.00
1939 2487335.00
1940 2488192.00
1941 2487374.00
1942 2485388.00
1943 2483578.00
1944 2484035.00
1945 2482307.00
1946 2480670.00
1947 2479096.00
1948 2479330.00
1949 2483309.00
1950 2482018.00
1951 2480794.00
1952 2480091.00
1953 2480345.00
1954 2480024.00
1955 2488461.00
1956 2489384.00
1957 2490631.00
1958 2495308.00
1959 2497189.00
1960 2495306.00
1961 2493901.00
1962 2494115.00
1963 2492109.00
1964 2493321.00
1965 2493357.00
1966 2492531.00
1967 2491269.00
1968 2490523.00
1969 2489549.00
1970 2488267.00
1971 2488366.00
1972 2486359.00
1973 2493771.00
1974 2495993.00
1975 2501850.00
1976 2504047.00
1977 2505014.00
1978 2506084.00
1979 2504220.00
1980 2503548.00
1996 2349889.00
2069 1619964.00
2070 1619744.00
2071 1619771.00
2072 1619762.00
2073 1618256.00
2074 1616715.00
2075 1615718.00
2076 1615740.00
2077 1614499.00
2078 1613724.00
2079 1612948.00
2080 1612247.00
2081 1620406.00
2082 1620393.00
2083 1619125.00
2084 1617766.00
2085 1615884.00
2086 1699921.00
2087 1698127.00
2088 1696437.00
2089 1694386.00
2090 1693145.00
2091 1691930.00
2092 1691182.00
2093 1692179.00
2094 1691177.00
2095 1690136.00
2096 1688455.00
2097 1686363.00
2098 1685171.00
2099 1683973.00
2100 1682982.00
2101 1682765.00
2102 1683203.00
2103 1682759.00
2104 1680504.00
2105 1679716.00
2106 1680413.00
2107 1679482.00
2108 1679186.00
2109 1678977.00
2110 1680250.00
2111 1679175.00
2112 1678463.00
2113 1679226.00
2114 1680325.00
2115 1680358.00
2116 1684621.00
2117 1682573.00
2118 1682059.00
2119 1680864.00
2120 1680595.00
2121 1689416.00
2122 1686930.00
2123 1686257.00
2124 1819616.00
2125 1818250.00
2126 1818990.00
2127 1820450.00
2128 1818655.00
2129 1816952.00
2130 1815215.00
2131 1814015.00
2132 1812078.00
2133 1810018.00
2134 1812821.00
2135 1811490.00
2136 1812718.00
2137 1811678.00
2138 1810713.00
2139 1811877.00
2140 1810647.00
2141 1810693.00
2142 1813334.00
2143 1812391.00
2144 1810651.00
2145 1810597.00
2146 1810860.00
2147 1809600.00
2148 1822295.00
2156 1750590.00
2158 1741046.00
2159 1741059.00
2160 1739013.00
2161 1739019.00
2162 1740288.00
2163 1741037.00
2164 1740238.00
2165 1740226.00
2166 1739882.00
2167 1738096.00
2168 1742861.00
2169 1740768.00
2170 1739189.00
2171 1738390.00
2172 1736622.00
2173 1734680.00
2174 1732937.00
2175 1731434.00
2176 1730189.00
2177 1728983.00
2178 1727512.00
2179 1725820.00
2180 1724018.00
2181 1723811.00
2182 1722086.00
2183 1721538.00
2184 1719590.00
2185 1727486.00
2186 1725745.00
2187 1731263.00
2188 1735082.00
2189 1739890.00
2190 1740762.00
2191 1743483.00
2192 1745939.00
2193 1747648.00
2194 1747147.00
2195 1746135.00
2196 1747367.00
2197 1747771.00
2198 1746512.00
2199 1746585.00
2200 1744556.00
2201 1743795.00
2202 1755426.00
2203 1753923.00
2204 1752126.00
2205 1750415.00
2206 1748638.00
2207 1749182.00
2208 1751655.00
2209 1754561.00
2210 1754823.00
2211 1774162.00
2212 1773307.00
2213 1771306.00
2214 1769813.00
2215 1768064.00
2216 1768555.00
2217 1767075.00
2218 1788330.00
2219 1786769.00
2220 1785785.00
2221 1784052.00
2222 1782333.00
2223 1784332.00
2224 1786202.00
2225 1785774.00
2226 1785051.00
2227 1784089.00
2228 1783280.00
2229 1782970.00
2230 1784202.00
2231 1788549.00
2232 1792351.00
2233 1791338.00
2234 1791021.00
2237 1771297.00
2238 1770418.00
2239 1768563.00
2248 1686633.00
2249 1684953.00
2250 1683208.00
2251 1682529.00
2252 1683006.00
2253 1684408.00
2254 1683388.00
2255 1685150.00
2256 1684843.00
2257 1687625.00
2258 1702944.00
2259 1701362.00
2260 1700386.00
2261 1699487.00
2262 1697682.00
2263 1697472.00
2264 1695677.00
2265 1694184.00
2266 1692182.00
2267 1690438.00
2268 1689484.00
2269 1688060.00
2270 1686569.00
2271 1687367.00
2272 1685523.00
2273 1686815.00
2275 1677674.00
2276 1677771.00
2277 1677103.00
2278 1677128.00
2280 1666202.00
2281 1667489.00
2282 1667774.00
2283 1669461.00
2284 1668643.00
2297 1545296.00
2299 1534240.00
2300 1534027.00
2301 1534443.00
2302 1533530.00
2303 1531767.00
2304 1530405.00
2305 1528659.00
2306 1529661.00
2307 1527694.00
2308 1526202.00
2309 1526694.00
2310 1525774.00
2311 1526253.00
2312 1525024.00
2313 1526984.00
2314 1526203.00
2315 1527157.00
2316 1525237.00
2317 1524260.00
2318 1522223.00
2319 1521466.00
2320 1520240.00
2321 1519510.00
2322 1517738.00
2323 1519795.00
2324 1519992.00
2325 1521428.00
2326 1520747.00
2327 1519991.00
2328 1522677.00
2329 1522219.00
2330 1521714.00
2331 1528872.00
2332 1527794.00
2333 1527315.00
2334 1527085.00
2335 1526521.00
2336 1525079.00
2337 1525784.00
2338 1526015.00
2339 1528211.00
2340 1526528.00
2341 1524542.00
2342 1523283.00
2343 1522021.00
2344 1529200.00
2345 1527538.00
2346 1526197.00
2347 1524948.00
2348 1523057.00
2349 1523000.00
2350 1521014.00
2351 1520517.00
2352 1525678.00
2353 1525214.00
2354 1525832.00
2355 1530024.00
2356 1530250.00
2357 1528752.00
2358 1527524.00
2359 1525807.00
2360 1528505.00
2361 1527044.00
2362 1525281.00
2363 1523322.00
2364 1524621.00
2365 1523104.00
2366 1521316.00
2367 1520096.00
2368 1519382.00
2369 1518095.00
2370 1517392.00
2371 1516128.00
2372 1516152.00
2373 1515505.00
2374 1514632.00
2375 1514708.00
2376 1514395.00
2377 1515221.00
2378 1520570.00
2379 1519360.00
2380 1522294.00
2381 1521028.00
2382 1519015.00
2383 1517306.00
2384 1516259.00
2385 1515330.00
2386 1514727.00
2387 1514304.00
2388 1512781.00
2389 1512293.00
2390 1512163.00
2391 1517188.00
2392 1517194.00
2393 1517257.00
2394 1518438.00
2395 1518367.00
2396 1517856.00
2397 1530501.00
2398 1529037.00
2399 1537125.00
2400 1537571.00
2401 1538865.00
2402 1539725.00
2403 1542313.00
2404 1540253.00
2405 1545200.00
2406 1543386.00
2407 1545642.00
2408 1545426.00
2409 1534269.00
2410 1533672.00
2411 1536768.00
2412 1536652.00
2413 1535832.00
2414 1536125.00
2415 1534177.00
2416 1534139.00
2417 1533249.00
2418 1532207.00
2419 1531944.00
2420 1531447.00
2421 1530713.00
2422 1531240.00
2423 1530689.00
2424 1531631.00
2425 1530385.00
2426 1530144.00
2427 1528949.00
2428 1530475.00
2429 1531678.00
2430 1531628.00
2431 1537759.00
2432 1539739.00
2433 1538438.00
2434 1537704.00
2435 1536468.00
2436 1535700.00
2437 1533979.00
2438 1532736.00
2439 1532716.00
2440 1530742.00
2441 1529569.00
2442 1540681.00
2443 1542146.00
2444 1541756.00
2445 1540271.00
2446 1540261.00
2447 1540870.00
2448 1542731.00
2449 1546841.00
2450 1545958.00
2451 1545950.00
2452 1543994.00
2453 1542888.00
2454 1540982.00
2455 1539717.00
2456 1543735.00
2457 1543151.00
2458 1541677.00
2459 1540177.00
2460 1538440.00
2461 1547848.00
2462 1546795.00
2463 1545735.00
2464 1544830.00
2465 1545561.00
2466 1544029.00
2467 1544108.00
2468 1544005.00
2469 1543319.00
2470 1544031.00
2471 1543516.00
2472 1543555.00
2473 1545943.00
2474 1686645.00
2475 1686115.00
2476 1685384.00
2477 1684119.00
2478 1684634.00
2479 1683643.00
2480 1685079.00
2481 1684351.00
2482 1683158.00
2483 1690990.00
2484 1689242.00
2485 1687674.00
2486 1687237.00
2487 1712200.00
2488 1754277.00
2489 1754743.00
2490 1753863.00
2491 1753685.00
2492 1752717.00
2493 1753235.00
2494 1753006.00
2495 1754411.00
2496 1755708.00
2497 1763529.00
2498 1763738.00
2499 1771659.00
2500 1769853.00
2501 1767951.00
2502 1766640.00
2503 1765497.00
2504 1769095.00
2505 1771357.00
2506 1782200.00
2507 1786627.00
2508 1789136.00
2509 1979018.00
2510 1977956.00
2511 1976532.00
2512 1974437.00
2513 1972758.00
2514 1971749.00
2515 1971552.00
2516 1975296.00
2517 1973687.00
2518 1971662.00
2519 1971733.00
2520 1969960.00
2521 1969287.00
2522 1967835.00
2524 1958426.00
2525 1958360.00
2526 1957421.00
2527 1957163.00
2528 1958633.00
2529 1959613.00
2530 1960368.00
2531 1960389.00
2532 1960055.00
2533 1959839.00
2534 1958474.00
2535 1958534.00
2536 1958543.00
2537 1959015.00
2538 1957480.00
2539 1955512.00
2541 1944669.00
2542 1944422.00
2543 1944112.00
2544 1944073.00
2545 1943939.00
2546 1941879.00
2547 1940173.00
2548 1938707.00
2549 1940889.00
2550 1940184.00
2551 1941160.00
2552 1940472.00
2553 1941824.00
2554 1941863.00
2555 1943100.00
2556 1947068.00
2557 1945070.00
2558 1944069.00
2559 1942565.00
2560 1943781.00
2561 1943318.00
2562 1943328.00
2563 1941320.00
2564 1941329.00
2565 1939695.00
2566 1937876.00
2567 1935879.00
2568 1939847.00
2569 1941113.00
2570 1941125.00
2571 1940325.00
2572 1940328.00
2573 1940561.00
2574 1946483.00
2576 1939559.00
2577 1942502.00
2578 1942349.00
2579 1945045.00
2581 1935559.00
2582 1934544.00
2583 1933603.00
2584 1931605.00
2585 1931652.00
2586 1929581.00
2587 1930079.00
2588 1929302.00
2589 1928143.00
2590 1926888.00
2591 1926144.00
2592 1926086.00
2593 1925816.00
2594 1926347.00
2595 1928607.00
2596 1928587.00
2597 1940400.00
2598 1940612.00
2599 1940615.00
2600 1944089.00
2601 1943673.00
2602 1943281.00
2603 1944538.00
2604 1942839.00
2605 1944014.00
2607 1951177.00
2608 1949333.00
2609 1949839.00
2610 1948051.00
2611 1977981.00
2612 1976896.00
2613 1975878.00
2614 1974144.00
2615 1975586.00
2616 1975363.00
2617 1975351.00
2618 1975637.00
2619 1974634.00
2620 1974839.00
2621 1974871.00
2634 1852533.00
2635 1850994.00
2636 1849017.00
2637 1847240.00
2638 1849288.00
2639 1847304.00
2640 1848046.00
2641 1853180.00
2642 1853446.00
2643 1857106.00
2644 1859571.00
2645 1859401.00
2646 1860300.00
2647 1861302.00
2648 1860284.00
2649 1860303.00
2650 1861791.00
2651 1861026.00
2652 1860788.00
2653 1860503.00
2654 1862235.00
2655 1861569.00
2656 1862512.00
2657 1869621.00
2658 1869647.00
2659 1870593.00
2660 1869839.00
2661 1871314.00
2663 1859646.00
2664 1868313.00
2665 1868322.00
2666 1868529.00
2667 1868235.00
2668 1869837.00
2669 1868055.00
2671 1858727.00
2672 1858198.00
2673 1859435.00
2674 1858695.00
2675 1857403.00
2676 1859390.00
2677 1858919.00
2678 1859654.00
2679 1858703.00
2680 1857652.00
2681 1858132.00
2682 1856115.00
2698 1703507.00
2699 1703248.00
2700 1703221.00
2702 1695581.00
2703 1694048.00
2704 1693582.00
2705 1694394.00
2706 1859366.00
2708 1851639.00
2709 1849915.00
2710 1848169.00
2711 1846722.00
2712 1845217.00
2713 1843771.00
2714 1843006.00
2715 1841225.00
2716 1839325.00
2717 1837539.00
2718 1836779.00
2719 1837291.00
2720 1836324.00
2721 1835784.00
2722 1835858.00
2723 1834787.00
2724 1838486.00
2725 1837553.00
2726 1837970.00
2727 1840509.00
2728 1847089.00
2729 1846092.00
2730 1845780.00
2731 1845776.00
2732 1845764.00
2733 1845242.00
2734 1845031.00
2735 1941343.00
2736 1940087.00
2737 1939343.00
2738 1938960.00
2739 1938697.00
2740 1937614.00
2741 1937673.00
2742 1936703.00
2743 1937350.00
2744 1944011.00
2745 1943028.00
2746 1942028.00
2747 1940562.00
2748 1938622.00
2749 1944762.00
2750 1944170.00
2751 1943187.00
2752 1942476.00
2753 1941220.00
2754 1941095.00
2755 1940515.00
2756 1940752.00
2757 1939680.00
2758 1941475.00
2759 1942903.00
2760 1942469.00
2761 1942830.00
2762 1942874.00
2763 1946551.00
2764 1945454.00
2765 1943864.00
2766 1943538.00
2767 1942485.00
2768 1942348.00
2769 1942292.00
2770 1941876.00
2771 1940101.00
2772 1938623.00
2773 1936572.00
2774 1936629.00
2775 1936079.00
2776 1935864.00
2777 2051991.00
2778 2050189.00
2779 2049340.00
2780 2047883.00
2781 2045884.00
2782 2045922.00
2783 2044661.00
2784 2045186.00
2785 2044883.00
2786 2043192.00
2787 2043225.00
2788 2047388.00
2789 2073992.00
2790 2072242.00
2791 2071215.00
2792 2072425.00
2793 2072855.00
2794 2071618.00
2795 2077531.00
2796 2076772.00
2797 2075827.00
2798 2074767.00
2799 2074742.00
2800 2073524.00
2801 2073292.00
2802 2073842.00
2803 2073633.00
2804 2073724.00
2805 2072505.00
2806 2073903.00
2807 2072272.00
2808 2070552.00
2809 2068526.00
2810 2067783.00
2811 2066515.00
2812 2066567.00
2813 2069999.00
2815 2060098.00
2816 2058349.00
2817 2056627.00
2818 2057421.00
2819 2061623.00
2820 2061809.00
2821 2062064.00
2822 2062786.00
2823 2067218.00
2824 2070699.00
2825 2071861.00
2826 2070872.00
2827 2069135.00
2828 2067371.00
2829 2067916.00
2830 2069550.00
2831 2069105.00
2832 2071855.00
2833 2077290.00
2834 2077753.00
2835 2076681.00
2836 2076729.00
2837 2076943.00
2838 2080007.00
2839 2083141.00
2840 2084490.00
2841 2087058.00
2842 2089972.00
2843 2094408.00
2845 2089024.00
2846 2428037.00
2847 2431624.00
2848 2429810.00
2849 2430122.00
2850 2429360.00
2851 2427614.00
2852 2425898.00
2853 2424423.00
2854 2423429.00
2855 2422956.00
2856 2423137.00
2857 2423915.00
2858 2422861.00
2859 2425424.00
2860 2426912.00
2861 2427090.00
2862 2427538.00
2863 2427183.00
2864 2431143.00
2865 2431635.00
2866 2432376.00
2867 2432419.00
2883 2279756.00
2884 2278780.00
2885 2278795.00
2886 2277312.00
2887 2277445.00
2888 2278541.00
2889 2283000.00
2890 2284211.00
2891 2282494.00
2892 2283726.00
2893 2283637.00
2894 2282906.00
2895 2282879.00
2896 2282159.00
2897 2282189.00
2898 2284627.00
2899 2285828.00
2900 2285133.00
2901 2284533.00
2902 2284073.00
2903 2283851.00
2904 2282072.00
2905 2281807.00
2906 2283269.00
2907 2283108.00
2908 2283614.00
2909 2282794.00
2910 2285002.00
2911 2284023.00
2912 2283563.00
2913 2299364.00
2914 2299061.00
2920 2247412.00
2921 2247757.00
2922 2246939.00
2924 2239549.00
2925 2238273.00
2926 2237518.00
2927 2236314.00
2928 2234523.00
2929 2233841.00
2931 2232712.00
2932 2232103.00
2934 2222731.00
2935 2223016.00
2936 2223660.00
2937 2226586.00
2938 2226182.00
2939 2224864.00
2940 2224604.00
2941 2225099.00
2942 2225113.00
2943 2225380.00
2944 2224306.00
2945 2229962.00
2946 2228968.00
2947 2228951.00
2948 2226986.00
2949 2228224.00
2950 2227926.00
2951 2227712.00
2952 2227674.00
2953 2227921.00
2954 2228860.00
2955 2227535.00
2956 2234569.00
2957 2233493.00
2958 2233038.00
2959 2237698.00
2960 2237434.00
2961 2236688.00
2962 2240178.00
2963 2239348.00
2964 2239619.00
2974 2149857.00
2975 2152025.00
2976 2155520.00
2977 2156999.00
2978 2158507.00
2979 2159742.00
2980 2158688.00
2981 2158450.00
2982 2157498.00
2983 2157216.00
2984 2155482.00
2985 2155212.00
2986 2153519.00
2987 2153016.00
2988 2152184.00
2989 2151160.00
2990 2155870.00
2991 2160539.00
2992 2159066.00
2993 2159097.00
2994 2161063.00
2995 2162680.00
2996 2162513.00
2997 2162461.00
2998 2162703.00
2999 2164045.00
3000 2162948.00
3001 2162973.00
3002 2161728.00
3003 2161703.00
3004 2162214.00
3005 2160918.00
3006 2168107.00
3007 2166299.00
3008 2165314.00
3009 2166626.00
3010 2164804.00
3011 2163074.00
3012 2161400.00
3013 2159947.00
3014 2157895.00
3015 2157208.00
3016 2155979.00
3017 2155906.00
3018 2155932.00
3019 2157909.00
3020 2157822.00
3021 2158326.00
3022 2157562.00
3023 2158534.00
3024 2158535.00
3025 2159482.00
3026 2161959.00
3027 2162152.00
3028 2160664.00
3029 2161195.00
3030 2160208.00
3031 2159457.00
3032 2159308.00
3033 2162692.00
3034 2161895.00
3035 2160720.00
3036 2161161.00
3037 2161383.00
3038 2162863.00
3039 2161131.00
3040 2159428.00
3042 2147289.00
3043 2145974.00
3044 2144792.00
3045 2145375.00
3046 2144520.00
3079 1821201.00
3080 1820238.00
3081 1822065.00
3082 1822482.00
3083 1822425.00
3084 1821667.00
3085 1821777.00
3086 1821285.00
3087 1821225.00
3088 1823983.00
3089 1824941.00
3090 1825414.00
3091 2023554.00
3092 2021982.00
3093 2020200.00
3094 2018188.00
3095 2016214.00
3096 2015098.00
3097 2014006.00
3098 2012774.00
3099 2010836.00
3100 2015569.00
3101 2013994.00
3102 2012792.00
3103 2012056.00
3104 2011984.00
3105 2011065.00
3106 2010743.00
3108 2000652.00
3109 2000223.00
3110 1999899.00
3111 1999848.00
3112 1999370.00
3113 1999479.00
3115 1989330.00
3116 1990481.00
3117 1989737.00
3118 1988285.00
3119 1995376.00
3120 1999615.00
3121 1998230.00
3123 1988185.00
3124 1987456.00
3126 1976098.00
3127 1975302.00
3128 1974853.00
3129 1974102.00
3130 1973856.00
3131 1972592.00
3133 1969136.00
3134 1969053.00
3135 1970346.00
3136 1969810.00
3137 1969587.00
3138 1973781.00
3139 1972266.00
3141 1963124.00
3142 1961452.00
3143 1961895.00
3144 1960876.00
3145 1961942.00
3146 1959896.00
3147 1959749.00
3148 1958430.00
3149 1958178.00
3150 1958683.00
3151 1957942.00
3152 1958858.00
3153 1958063.00
3154 1957535.00
3156 1947677.00
3157 1946927.00
3158 1946026.00
3159 1947030.00
3160 1945302.00
3161 1945391.00
3162 1943217.00
3163 1942987.00
3164 1942260.00
3165 1940537.00
3166 1939749.00
3167 1937817.00
3168 1936064.00
3170 1930635.00
3171 1930402.00
3172 1931526.00
3173 1931079.00
3174 1930610.00
3175 1929800.00
3177 1919477.00
3178 1919271.00
3179 1918005.00
3180 1917958.00
3181 1918575.00
3182 1917405.00
3183 1924450.00
3184 1924655.00
3186 1917047.00
3187 1915806.00
3188 1915168.00
3190 1954939.00
3191 1953812.00
3192 1953605.00
3193 1952334.00
3194 1952067.00
3195 1953075.00
3196 1952292.00
3197 1952037.00
3198 1950847.00
3199 1956031.00
3200 1954508.00
3201 1964136.00
3202 1965080.00
3203 1968077.00
3204 1966757.00
3205 1965382.00
3206 1964301.00
3207 1963497.00
3208 1961869.00
3209 1962666.00
3210 1963560.00
3211 1962553.00
3213 1956383.00
3215 1947646.00
3216 1947146.00
3217 1946486.00
3218 1946753.00
3219 1946030.00
3220 1945409.00
3221 1947946.00
3223 1951508.00
3224 1950526.00
3225 1950125.00
3226 1949622.00
3227 1959027.00
3228 1957948.00
3229 1958046.00
3230 1956037.00
3231 1956533.00
3232 1957028.00
3233 1955241.00
3234 1956738.00
3235 1957242.00
3236 1956278.00
3237 1958540.00
3238 1957767.00
3239 1960936.00
3240 1960144.00
3241 1960199.00
3242 1960902.00
3243 1960131.00
3244 1961393.00
3245 1963253.00
3246 1977696.00
3247 1977090.00
3248 1976057.00
3249 1975130.00
3250 1975278.00
3251 1975636.00
3252 1977843.00
3253 1977552.00
3254 1983273.00
3255 1989873.00
3256 1988587.00
3257 1988865.00
3258 1989925.00
3259 1988854.00
3260 1987875.00
3261 1986865.00
3262 1985931.00
3263 1987129.00
3264 1988338.00
3283 1806301.00
3284 1807148.00
3285 1807086.00
3286 1805876.00
3287 1805856.00
3288 1805323.00
3289 1803489.00
3290 1929249.00
3291 1930238.00
3292 2667888.00
3293 2666497.00
3294 2666264.00
3295 2664523.00
3296 2663012.00
3297 2661300.00
3298 2661074.00
3299 2708231.00
3300 2706419.00
3301 2704900.00
3302 2703934.00
3303 2703512.00
3304 2701951.00
3305 2701448.00
3306 2700409.00
3307 2700343.00
3308 2699540.00
3309 2699471.00
3310 2698698.00
3311 2699658.00
3312 2698625.00
3313 2698629.00
3314 2697605.00
3315 2704799.00
3316 2706971.00
3317 2710011.00
3318 2718838.00
3319 2717044.00
3320 2715074.00
3321 2715359.00
3323 2704968.00
3324 2707640.00
3325 2866118.00
3326 2864817.00
3327 2864086.00
3328 2864342.00
3329 2862855.00
3330 2862604.00
3331 2862310.00
3332 2862575.00
3333 2861865.00
3334 2860909.00
3335 2865218.00
3336 2864490.00
3337 2864817.00
3338 2864576.00
3340 2853363.00
3341 2851628.00
3343 2844725.00
3344 2846926.00
3345 2846462.00
3346 2846196.00
3348 2837294.00
3349 2836501.00
3350 2836277.00
3351 2836812.00
3352 2835525.00
3353 2835247.00
3354 2835017.00
3355 2837705.00
3356 2839681.00
3357 2844475.00
3358 2842333.00
3359 2841616.00
3360 2839900.00
3361 2838192.00
3362 2836240.00
3363 2835330.00
3365 2825807.00
3366 2825571.00
3367 2829266.00
3368 2830179.00
3369 2831670.00
3370 2832912.00
3371 2835349.00
3376 2795912.00
3377 2797100.00
3378 2796653.00
3379 2796682.00
3380 2795663.00
3381 2794165.00
3382 2792449.00
3383 2791190.00
3384 2789670.00
3385 2788022.00
3386 2786277.00
3388 2774957.00
3389 2775385.00
3391 2764252.00
3392 2763201.00
3393 2767698.00
3394 2767360.00
3395 2766092.00
3396 2764426.00
3397 2779448.00
3398 2779614.00
3399 2778664.00
3400 2793448.00
3401 2796192.00
3402 2794534.00
3403 2794219.00
3404 2792410.00
3405 2795926.00
3406 2796123.00
3407 2796120.00
3408 2798371.00
3409 2798383.00
3410 2798622.00
3411 2799155.00
3416 2764295.00
3417 2766470.00
3419 2755887.00
3420 2755893.00
3421 2755890.00
3422 2756370.00
3425 2737283.00
3426 2735828.00
3427 2734110.00
3428 2734204.00
3430 2724266.00
3431 2723244.00
3432 2721314.00
3435 2703078.00
3436 2701506.00
3437 2701505.00
3438 2704019.00
3439 2704990.00
3441 2695331.00
3442 2696572.00
3443 2705409.00
3445 2699477.00
3446 2701172.00
3447 2700213.00
3448 2699725.00
3449 2698710.00
3450 2698756.00
3451 2697684.00
3452 2699250.00
3453 2698177.00
3454 2697917.00
3455 2696912.00
3456 2696937.00
3457 2699936.00
3458 2703552.00
3459 2703584.00
3460 2705775.00
3461 2705021.00
3475 2574291.00
3549 1835214.00
3550 1836003.00
3551 1838230.00
3552 1836239.00
3553 1835627.00
3554 1834861.00
3560 1782335.00
3561 1781593.00
3562 1781412.00
3563 1780843.00
3564 1780145.00
3565 1780604.00
3566 1784003.00
3567 1783309.00
3568 1781639.00
3570 1777912.00
3571 1777358.00
3572 1778089.00
3573 1778296.00
3574 1780001.00
3575 1780805.00
3577 1772346.00
3578 1775026.00
3579 1777303.00
3580 1779981.00
3581 1788571.00
3582 1789807.00
3583 1790964.00
3584 1797910.00
3585 1799384.00
3586 1798137.00
3601 1658553.00
3602 1660265.00
3603 1658504.00
3604 1657471.00
3605 1655478.00
3606 1654168.00
3607 1652323.00
3608 1656089.00
3609 1661481.00
3610 1665668.00
3611 1838377.00
3612 1840844.00
3613 1839021.00
3614 1839489.00
3615 1842260.00
3616 1853087.00
3617 1856751.00
3618 1855209.00
3619 1853201.00
3620 1851549.00
3621 1850105.00
3622 1848401.00
3623 1846366.00
3624 1848820.00
3625 1850802.00
3626 1850252.00
3627 1850994.00
3628 1851493.00
3629 1853949.00
3630 1853199.00
3631 1852710.00
3632 1852728.00
3633 1855315.00
3634 1854319.00
3635 1853840.00
3636 1852832.00
3637 1852840.00
3638 1853319.00
3639 1853878.00
3640 1857267.00
3641 1857031.00
3642 1857464.00
3643 1856246.00
3644 1855947.00
3645 1858437.00
3646 1856706.00
3647 1856434.00
3648 1855395.00
3649 1855219.00
3650 1853534.00
3651 1853246.00
3652 1852301.00
3653 1852659.00
3654 1852422.00
3655 1852227.00
3656 1853931.00
3657 1861066.00
3658 1860286.00
3659 1859405.00
3660 1858184.00
3661 1857215.00
3662 1857456.00
3663 1859113.00
3664 1857921.00
3665 1856487.00
3666 1856021.00
3667 1855450.00
3669 1848550.00
3670 1846834.00
3671 1846381.00
3672 1845384.00
3673 1850901.00
3674 1851386.00
3675 1851337.00
3676 1850371.00
3677 1848700.00
3678 1847442.00
3679 1846675.00
3680 1846556.00
3681 1846153.00
3682 1845675.00
3683 1845583.00
3684 1845621.00
3685 1845585.00
3686 1843855.00
3687 1841869.00
3688 1841255.00
3689 1841677.00
3690 1839916.00
3691 1866419.00
3692 1866770.00
3693 1867258.00
3694 1865478.00
3695 1865068.00
3696 1863750.00
3697 1928370.00
3698 1929868.00
3699 1934573.00
3700 1943636.00
3701 1941948.00
3702 1940467.00
3703 1939929.00
3704 1940669.00
3705 1938811.00
3706 1941340.00
3707 1940338.00
3708 1939426.00
3709 1938449.00
3710 1936894.00
3711 1938477.00
3712 1937322.00
3713 1937796.00
3714 1941606.00
3715 1941522.00
3716 1941769.00
3717 1940353.00
3718 1938330.00
3719 1936620.00
3720 1936342.00
3721 1938098.00
3722 1937877.00
3723 1937266.00
3724 1943427.00
3725 1945385.00
3726 1946066.00
3727 1947283.00
3728 1947505.00
3729 1949289.00
3730 1947738.00
3731 1945750.00
3733 1937088.00
3734 1936639.00
3735 1935975.00
3736 1936848.00
3737 1938537.00
3738 2158882.00
3739 2157175.00
3740 2162251.00
3741 2161532.00
3742 2164202.00
3743 2163214.00
3744 2162561.00
3745 2161296.00
3746 2181816.00
3747 2183412.00
3748 2181700.00
3749 2182466.00
3750 2182178.00
3751 2180434.00
3752 2180189.00
3753 2179149.00
3754 2180384.00
3755 2179982.00
3756 2182124.00
3758 2172526.00
3759 2172074.00
3760 2171247.00
3761 2169946.00
3762 2169190.00
3763 2344429.00
3766 2324882.00
3767 2322917.00
3768 2320957.00
3786 2147761.00
3787 2161437.00
3788 2160334.00
3789 2158372.00
3790 2160106.00
3791 2184105.00
3792 2182983.00
3794 2172326.00
3795 2172152.00
3796 2170840.00
3797 2171417.00
3798 2172112.00
3799 2171599.00
3800 2171715.00
3801 2170572.00
3802 2169147.00
3803 2169121.00
3804 2168591.00
3805 2169100.00
3807 2167860.00
3808 2168866.00
3809 2167071.00
3810 2166342.00
3811 2164882.00
3812 2162839.00
3813 2161076.00
3814 2164050.00
3815 2166634.00
3817 2286524.00
3818 2284648.00
3819 2282790.00
3820 2281804.00
3821 2282565.00
3822 2281822.00
3823 2281041.00
3824 2279344.00
3825 2277560.00
3826 2277567.00
3827 2279004.00
3828 2280555.00
3829 2281243.00
3830 2280652.00
3831 2278633.00
3832 2278240.00
3833 2277727.00
3834 2288305.00
3835 2288046.00
3836 2288143.00
3837 2286785.00
3838 2287547.00
3839 2287010.00
3840 2286302.00
3841 2286032.00
3842 2286825.00
3843 2285728.00
3844 2288418.00
3845 2289508.00
3846 2291214.00
3847 2291697.00
3848 2289963.00
3849 2297101.00
3850 2295295.00
3851 2295096.00
3852 2295127.00
3853 2294182.00
3854 2294583.00
3855 2294584.00
3856 2296554.00
3857 2297039.00
3858 2297444.00
3859 2297801.00
3860 2297770.00
3861 2296570.00
3862 2295754.00
3863 2294866.00
3864 2294442.00
3865 2295510.00
3868 2280407.00
3870 2269750.00
3871 2269507.00
3872 2267742.00
3873 2266727.00
3874 2266484.00
3875 2265520.00
3876 2265740.00
3877 2265958.00
3881 2235627.00
3882 2235411.00
3883 2235854.00
3884 2239583.00
3885 2239260.00
3886 2238498.00
3887 2387386.00
3888 2386340.00
3889 2384609.00
3890 2382850.00
3891 2382098.00
3892 2382908.00
3893 2380582.00
3894 2381053.00
3895 2379601.00
3896 2377918.00
3897 2382366.00
3898 2389858.00
3899 2387771.00
3900 2386437.00
3901 2384546.00
3902 2384530.00
3903 2382494.00
3904 2380960.00
3905 2378974.00
3906 2381729.00
3907 2380997.00
3908 2380432.00
3909 2380157.00
3910 2379454.00
3911 2379991.00
3912 2378974.00
3913 2376982.00
3914 2375745.00
3915 2374500.00
3916 2374254.00
3917 2373980.00
3918 2376206.00
3919 2375471.00
3920 2374950.00
3921 2373952.00
3922 2376232.00
3923 2376147.00
3924 2374192.00
3925 2373877.00
3926 2373369.00
3927 2376567.00
3928 2376552.00
3944 2225375.00
3945 2224384.00
3947 2214224.00
3949 2204360.00
3950 2202623.00
3951 2200871.00
3956 2162920.00
3957 2161847.00
3958 2161368.00
3959 2290120.00
3960 2290008.00
3961 2289599.00
3962 2288518.00
3963 2289507.00
3964 2289723.00
3965 2294964.00
3966 2293627.00
3967 2292363.00
3968 2292380.00
3969 2290416.00
3970 2289654.00
3971 2287733.00
3972 2286320.00
3973 2285043.00
3988 2142022.00
3989 2139923.00
3990 2139089.00
3991 2138040.00
3992 2136782.00
3993 2136610.00
3994 2138833.00
3995 2139885.00
3997 2129810.00
