4000
0 82566.00
1 83904.00
2 82220.00
3 82830.00
4 81439.00
5 83651.00
6 82396.00
7 81950.00
8 82193.00
9 81612.00
10 81805.00
11 81306.00
12 81530.00
13 81781.00
14 82187.00
15 81533.00
16 80844.00
17 81072.00
18 81430.00
19 81177.00
20 81507.00
21 81206.00
22 81424.00
23 81743.00
24 81044.00
25 81302.00
26 81006.00
27 81486.00
28 95727.00
29 94403.00
30 92485.00
31 91035.00
32 115697.00
33 119261.00
34 117347.00
35 115751.00
36 113777.00
37 113071.00
38 111204.00
39 109852.00
40 107892.00
41 106537.00
42 105295.00
43 103591.00
44 101654.00
45 100438.00
46 106899.00
47 110121.00
48 110370.00
49 108679.00
50 107158.00
51 105455.00
52 103817.00
53 102108.00
54 100240.00
55 99339.00
56 97311.00
57 97474.00
58 95318.00
59 93894.00
60 92922.00
61 92029.00
62 90056.00
63 90301.00
64 88899.00
65 87272.00
66 85372.00
67 83847.00
68 95875.00
69 94397.00
70 92343.00
71 90514.00
72 89116.00
73 87285.00
74 85403.00
75 84748.00
76 82864.00
77 81476.00
78 81966.00
79 81448.00
80 81447.00
81 81666.00
82 80996.00
83 81204.00
84 81500.00
85 82144.00
86 81324.00
87 81330.00
88 81487.00
89 81471.00
90 81199.00
91 81487.00
92 80962.00
93 81271.00
94 81476.00
95 81166.00
96 81442.00
97 81453.00
98 80937.00
99 81267.00
100 81100.00
101 81311.00
102 81065.00
103 81312.00
104 81517.00
105 80785.00
106 80953.00
107 81014.00
108 81312.00
109 81330.00
110 82096.00
111 81764.00
112 85210.00
113 83488.00
114 82730.00
115 82713.00
116 81271.00
117 81265.00
118 83808.00
119 81811.00
120 85023.00
121 84235.00
122 82526.00
123 81011.00
124 81839.00
125 81354.00
126 81295.00
127 81522.00
128 80902.00
129 81614.00
130 85540.00
131 84032.00
132 82027.00
133 82005.00
134 81396.00
135 81554.00
136 82799.00
137 81781.00
138 81335.00
139 81256.00
140 81404.00
141 81174.00
142 81386.00
143 81570.00
144 81304.00
145 87247.00
146 85519.00
147 84249.00
148 83039.00
149 81286.00
150 81323.00
151 81535.00
152 81415.00
153 80986.00
154 80961.00
155 81207.00
156 81267.00
157 81241.00
158 81494.00
159 81403.00
160 81653.00
161 80891.00
162 81144.00
163 81280.00
164 81136.00
165 81526.00
166 81190.00
167 81373.00
168 81325.00
169 93885.00
170 91930.00
171 91204.00
172 89429.00
173 87712.00
174 86209.00
175 86520.00
176 84994.00
177 83042.00
178 81242.00
179 81284.00
180 81189.00
181 81464.00
182 81176.00
183 81725.00
184 81702.00
185 80934.00
186 82685.00
187 81483.00
188 81261.00
189 82220.00
190 81503.00
191 81677.00
192 81399.00
193 81172.00
194 81637.00
195 81138.00
196 81349.00
197 81599.00
198 81556.00
199 81579.00
200 88494.00
201 86875.00
202 85404.00
203 83583.00
204 83562.00
205 82510.00
206 81455.00
207 81767.00
208 81010.00
209 81228.00
210 81436.00
211 188793.00
212 186842.00
213 185398.00
214 184109.00
215 205973.00
216 861299.00
217 859424.00
218 857418.00
219 856236.00
220 854187.00
221 853627.00
222 852055.00
223 853329.00
224 858236.00
225 856934.00
226 855187.00
227 853751.00
228 851947.00
229 850027.00
230 853377.00
231 852098.00
232 850363.00
233 848641.00
234 847901.00
235 847284.00
236 845346.00
237 844601.00
238 842795.00
239 840935.00
240 839483.00
241 837747.00
242 835827.00
243 835808.00
244 842848.00
245 841449.00
246 839744.00
247 861779.00
248 859617.00
249 858477.00
250 856459.00
251 854958.00
252 853956.00
253 852137.00
254 850868.00
255 850181.00
256 849196.00
257 847980.00
258 845999.00
259 967828.00
260 965942.00
261 964923.00
262 962988.00
263 962738.00
264 961690.00
265 959917.00
266 958218.00
267 957015.00
268 955485.00
269 953694.00
270 952748.00
271 957329.00
272 956249.00
273 954289.00
274 953705.00
275 952646.00
276 950971.00
277 949251.00
278 949256.00
279 947529.00
280 945748.00
281 944122.00
282 942547.00
283 940810.00
284 951491.00
285 950210.00
286 950191.00
287 1001821.00
288 999686.00
289 998712.00
290 997069.00
291 997957.00
292 996025.00
293 994534.00
294 998788.00
295 996852.00
296 995190.00
297 993204.00
298 992433.00
299 992191.00
300 990369.00
301 988801.00
302 987027.00
303 985078.00
304 983795.00
305 981787.00
306 979993.00
307 978201.00
308 977467.00
309 975557.00
310 973706.00
311 972095.00
312 976846.00
313 974725.00
314 974081.00
315 972450.00
316 971122.00
317 969712.00
318 967736.00
319 967840.00
320 968741.00
321 970088.00
322 968072.00
323 966742.00
324 964877.00
325 970509.00
326 968830.00
327 973947.00
328 981971.00
329 980254.00
330 978557.00
331 977204.00
332 975874.00
333 974124.00
334 972723.00
335 971463.00
336 970112.00
337 968248.00
338 966464.00
339 964739.00
340 963117.00
341 962093.00
342 962290.00
343 960244.00
344 959811.00
345 958308.00
346 956255.00
347 955272.00
348 953839.00
349 952177.00
350 950412.00
351 948768.00
352 948503.00
353 953185.00
354 951160.00
355 949412.00
356 949006.00
357 947512.00
358 945937.00
359 944956.00
360 943197.00
361 941239.00
362 939760.00
363 938739.00
364 937731.00
365 936141.00
366 935031.00
367 933330.00
368 931773.00
369 929813.00
370 928345.00
371 926371.00
372 925633.00
373 924358.00
374 923692.00
375 921878.00
376 920660.00
377 919208.00
378 918197.00
379 916359.00
380 914996.00
381 913004.00
382 911229.00
383 909506.00
384 908749.00
385 907569.00
386 905830.00
387 926746.00
388 925738.00
389 924263.00
390 922298.00
391 920587.00
392 919135.00
393 917342.00
394 915385.00
395 913869.00
396 912141.00
397 910629.00
398 908683.00
399 906902.00
400 905975.00
401 904451.00
402 906630.00
403 904901.00
404 902949.00
405 902228.00
406 900961.00
407 909125.00
408 907770.00
409 906572.00
410 904562.00
411 902963.00
412 900913.00
413 899407.00
414 898534.00
415 896639.00
416 894661.00
417 895884.00
418 894177.00
419 892922.00
420 891425.00
421 890492.00
422 888477.00
423 886990.00
424 885285.00
425 883552.00
426 881770.00
427 881037.00
428 879940.00
429 878091.00
430 876538.00
431 874863.00
432 873618.00
433 874509.00
434 872873.00
435 871169.00
436 870219.00
437 869076.00
438 868409.00
439 866835.00
440 865293.00
441 989142.00
442 993876.00
443 992831.00
444 990991.00
445 990704.00
446 989797.00
447 988021.00
448 986394.00
449 984890.00
450 983247.00
451 981468.00
452 987888.00
453 988401.00
454 1089475.00
455 1087865.00
456 1086892.00
457 1085116.00
458 1083385.00
459 1082674.00
460 1080640.00
461 1080642.00
462 1078652.00
463 1077745.00
464 1075943.00
465 1074455.00
466 1072891.00
467 1071297.00
468 1070333.00
469 1068491.00
470 1066599.00
471 1065247.00
472 1063875.00
473 1062184.00
474 1061273.00
475 1061277.00
476 1060085.00
477 1060027.00
478 1063234.00
479 1063018.00
480 1064573.00
481 1062916.00
482 1061118.00
483 1059392.00
484 1057591.00
485 1057036.00
486 1054968.00
487 1053166.00
488 1051463.00
489 1049780.00
490 1048872.00
491 1049655.00
492 1048726.00
493 1046971.00
494 1045706.00
495 1045874.00
496 1046228.00
497 1045493.00
498 1043780.00
499 1043268.00
500 1043956.00
501 1042504.00
502 1043196.00
503 1044662.00
504 1042625.00
505 1040912.00
506 1040430.00
507 1039418.00
508 1038381.00
509 1037627.00
510 1035698.00
511 1034405.00
512 1032470.00
513 1030744.00
514 1029074.00
515 1029124.00
516 1028693.00
517 1027608.00
518 1026102.00
519 1024250.00
520 1022395.00
521 1023092.00
522 1022901.00
523 1021006.00
524 1019427.00
525 1021436.00
526 1019701.00
527 1019987.00
528 1018703.00
529 1019273.00
530 1020222.00
531 1021434.00
532 1021984.00
533 1020414.00
534 1028633.00
535 1028185.00
536 1030044.00
537 1028305.00
538 1026497.00
539 1025028.00
540 1023115.00
541 1023799.00
542 1025565.00
543 1026787.00
544 1026752.00
545 1024768.00
546 1023257.00
547 1021263.00
548 1024835.00
549 1024460.00
550 1027409.00
551 1026993.00
552 1025505.00
553 1024434.00
554 1023535.00
555 1022974.00
556 1021453.00
557 1025295.00
558 1023404.00
559 1024097.00
560 1022067.00
561 1021382.00
562 1019907.00
563 1018241.00
564 1016274.00
565 1033372.00
566 1033104.00
567 1031401.00
568 1029472.00
569 1028055.00
570 1026119.00
571 1027025.00
572 1025039.00
573 1025835.00
574 1024888.00
575 1023161.00
576 1022411.00
577 1020373.00
578 1018558.00
579 1016941.00
580 1015419.00
581 1013623.00
582 1011792.00
583 1012292.00
584 1010785.00
585 1009069.00
586 1012257.00
587 1010536.00
588 1008599.00
589 1007077.00
590 1006286.00
591 1006296.00
592 1004316.00
593 1002608.00
594 1000842.00
595 1002621.00
596 1000648.00
597 999152.00
598 998092.00
599 996326.00
600 994588.00
601 992878.00
602 991273.00
603 990160.00
604 988418.00
605 987884.00
606 989067.00
607 987050.00
608 986215.00
609 988440.00
610 986638.00
611 987830.00
612 986962.00
613 985408.00
614 984030.00
615 983506.00
616 985673.00
617 983869.00
618 982617.00
619 983093.00
620 982383.00
621 982086.00
622 981206.00
623 979192.00
624 979436.00
625 981458.00
626 981350.00
627 982407.00
628 980633.00
629 978988.00
630 980215.00
631 980089.00
632 978232.00
633 978251.00
634 976171.00
635 974438.00
636 972894.00
637 971131.00
638 976217.00
639 974463.00
640 972942.00
641 972463.00
642 971749.00
643 973853.00
644 974181.00
645 972386.00
646 972109.00
647 970357.00
648 968395.00
649 966930.00
650 966855.00
651 965130.00
652 963781.00
653 961940.00
654 959936.00
655 958372.00
656 956581.00
657 955025.00
658 954040.00
659 953552.00
660 951877.00
661 949948.00
662 948089.00
663 946556.00
664 944769.00
665 945381.00
666 943548.00
667 941558.00
668 941102.00
669 939055.00
670 937270.00
671 936805.00
672 935057.00
673 934995.00
674 933977.00
675 932383.00
676 932363.00
677 930378.00
678 928982.00
679 926929.00
680 925301.00
681 923806.00
682 922082.00
683 922916.00
684 922555.00
685 923780.00
686 922066.00
687 920603.00
688 918570.00
689 917037.00
690 915822.00
691 914331.00
692 913091.00
693 914195.00
694 915306.00
695 913337.00
696 911590.00
697 909690.00
698 909363.00
699 907327.00
700 905571.00
701 904855.00
702 903097.00
703 901139.00
704 900437.00
705 898590.00
706 898079.00
707 899127.00
708 898064.00
709 896295.00
710 894776.00
711 892873.00
712 891223.00
713 889403.00
714 887948.00
715 891619.00
716 889765.00
717 888121.00
718 886430.00
719 885346.00
720 885843.00
721 888540.00
722 886954.00
723 889793.00
724 888492.00
725 887667.00
726 885345.00
727 883545.00
728 881961.00
729 880755.00
730 880005.00
731 878197.00
732 877236.00
733 876435.00
734 876071.00
735 874483.00
736 873271.00
737 871663.00
738 871175.00
739 870424.00
740 868488.00
741 866725.00
742 865493.00
743 863757.00
744 862019.00
745 860300.00
746 858308.00
747 857053.00
748 855044.00
749 853615.00
750 853321.00
751 851596.00
752 853125.00
753 851320.00
754 862893.00
755 865352.00
756 863616.00
757 863154.00
758 861105.00
759 859623.00
760 858869.00
761 858149.00
762 857045.00
763 856036.00
764 859577.00
765 861442.00
766 859449.00
767 860987.00
768 859090.00
769 857503.00
770 855493.00
771 855598.00
772 856111.00
773 854157.00
774 852815.00
775 852134.00
776 851273.00
777 998502.00
778 996614.00
779 996299.00
780 994622.00
781 993123.00
782 992112.00
783 991402.00
784 990017.00
785 988755.00
786 987212.00
787 985460.00
788 983811.00
789 981754.00
790 981098.00
791 982988.00
792 981852.00
793 979727.00
794 986713.00
795 985114.00
796 983349.00
797 981623.00
798 979644.00
799 978444.00
800 977199.00
801 975456.00
802 973481.00
803 972328.00
804 972581.00
805 970770.00
806 969463.00
807 968788.00
808 967441.00
809 966225.00
810 965656.00
811 963300.00
812 962111.00
813 960237.00
814 965105.00
815 963229.00
816 961950.00
817 962689.00
818 960731.00
819 960802.00
820 958692.00
821 957479.00
822 955517.00
823 954719.00
824 1087161.00
825 1085317.00
826 1083637.00
827 1083519.00
828 1081623.00
829 1081404.00
830 1081267.00
831 1080450.00
832 1079087.00
833 1077458.00
834 1075753.00
835 1074129.00
836 1072482.00
837 1070853.00
838 1070764.00
839 1068894.00
840 1068377.00
841 1066637.00
842 1065680.00
843 1063992.00
844 1062199.00
845 1060470.00
846 1058496.00
847 1057798.00
848 1056108.00
849 1054305.00
850 1052861.00
851 1051913.00
852 1050471.00
853 1049380.00
854 1049365.00
855 1048114.00
856 1048175.00
857 1046056.00
858 1046073.00
859 1044530.00
860 1046929.00
861 1045252.00
862 1044771.00
863 1042892.00
864 1040898.00
865 1039712.00
866 1037784.00
867 1036287.00
868 1034296.00
869 1032567.00
870 1030998.00
871 1030065.00
872 1027983.00
873 1027366.00
874 1025958.00
875 1024780.00
876 1022693.00
877 1020977.00
878 1019682.00
879 1019707.00
880 1017690.00
881 1016553.00
882 1016929.00
883 1015530.00
884 1013644.00
885 1011851.00
886 1010824.00
887 1009442.00
888 1010923.00
889 1008935.00
890 1007248.00
891 1005577.00
892 1003822.00
893 1002794.00
894 1001008.00
895 999299.00
896 997661.00
897 995906.00
898 994180.00
899 992162.00
900 990691.00
901 992289.00
902 995863.00
903 994112.00
904 992661.00
905 991643.00
906 993321.00
907 994168.00
908 994502.00
909 993281.00
910 994726.00
911 1049161.00
912 1047773.00
913 1046202.00
914 1044216.00
915 1044924.00
916 1043536.00
917 1041748.00
918 1039972.00
919 1038259.00
920 1038243.00
921 1038956.00
922 1038754.00
923 1037994.00
924 1036482.00
925 1034528.00
926 1032818.00
927 1031025.00
928 1029521.00
929 1027712.00
930 1025892.00
931 1052997.00
932 1051407.00
933 1051898.00
934 1050130.00
935 1048926.00
936 1047472.00
937 1045795.00
938 1044451.00
939 1042678.00
940 1042686.00
941 1041448.00
942 1040422.00
943 1038740.00
944 1037263.00
945 1035576.00
946 1034524.00
947 1033033.00
948 1031246.00
949 1031312.00
950 1029508.00
951 1029280.00
952 1030517.00
953 1030270.00
954 1031081.00
955 1030975.00
956 1029737.00
957 1029733.00
958 1027772.00
959 1027009.00
960 1025038.00
961 1023598.00
962 1021587.00
963 1020049.00
964 1018893.00
965 1017490.00
966 1015625.00
967 1018066.00
968 1016775.00
969 1014843.00
970 1013195.00
971 1011518.00
972 1009948.00
973 1008672.00
974 1014829.00
975 1013523.00
976 1011536.00
977 1010079.00
978 1008820.00
979 1007318.00
980 1005346.00
981 1003851.00
982 1001875.00
983 1001252.00
984 999166.00
985 999412.00
986 997715.00
987 996965.00
988 998088.00
989 996427.00
990 996285.00
991 994511.00
992 993094.00
993 991260.00
994 989442.00
995 987730.00
996 991629.00
997 992503.00
998 990661.00
999 989395.00
1000 988130.00
1001 986144.00
1002 986103.00
1003 984160.00
1004 983196.00
1005 981435.00
1006 985122.00
1007 984151.00
1008 985645.00
1009 983838.00
1010 981863.00
1011 980121.00
1012 978651.00
1013 976971.00
1014 976187.00
1015 975175.00
1016 973674.00
1017 1096260.00
1018 1099842.00
1019 1098628.00
1020 1096571.00
1021 1095124.00
1022 1093936.00
1023 1091513.00
1024 1090442.00
1025 1089479.00
1026 1087929.00
1027 1086227.00
1028 1084286.00
1029 1082737.00
1030 1081844.00
1031 1080153.00
1032 1078855.00
1033 1077675.00
1034 1077914.00
1035 1083541.00
1036 1082765.00
1037 1080893.00
1038 1079433.00
1039 1077665.00
1040 1077637.00
1041 1075636.00
1042 1075175.00
1043 1074402.00
1044 1072402.00
1045 1072725.00
1046 1070448.00
1047 1069215.00
1048 1067802.00
1049 1066228.00
1050 1064519.00
1051 1063018.00
1052 1063264.00
1053 1061547.00
1054 1059866.00
1055 1059042.00
1056 1057795.00
1057 1057112.00
1058 1056012.00
1059 1054138.00
1060 1052414.00
1061 1050908.00
1062 1049863.00
1063 1054341.00
1064 1053032.00
1065 1051871.00
1066 1049922.00
1067 1048169.00
1068 1046341.00
1069 1044806.00
1070 1043662.00
1071 1041906.00
1072 1040128.00
1073 1039212.00
1074 1039419.00
1075 1037380.00
1076 1035938.00
1077 1034238.00
1078 1033164.00
1079 1033135.00
1080 1038805.00
1081 1037100.00
1082 1039794.00
1083 1038039.00
1084 1037524.00
1085 1036410.00
1086 1036811.00
1087 1035395.00
1088 1033565.00
1089 1031946.00
1090 1030103.00
1091 1029129.00
1092 1027393.00
1093 1025735.00
1094 1023969.00
1095 1022992.00
1096 1021959.00
1097 1040754.00
1098 1039633.00
1099 1038137.00
1100 1036171.00
1101 1035431.00
1102 1033474.00
1103 1049902.00
1104 1047987.00
1105 1046645.00
1106 1044791.00
1107 1043035.00
1108 1041112.00
1109 1041075.00
1110 1041246.00
1111 1039810.00
1112 1038071.00
1113 1037146.00
1114 1036514.00
1115 1034388.00
1116 1034108.00
1117 1032460.00
1118 1031510.00
1119 1029709.00
1120 1028253.00
1121 1026435.00
1122 1026112.00
1123 1024435.00
1124 1022598.00
1125 1020653.00
1126 1019008.00
1127 1017404.00
1128 1015631.00
1129 1014422.00
1130 1013359.00
1131 1012402.00
1132 1012468.00
1133 1017031.00
1134 1017774.00
1135 1025829.00
1136 1024214.00
1137 1022240.00
1138 1023716.00
1139 1022733.00
1140 1021795.00
1141 1020359.00
1142 1027762.00
1143 1027986.00
1144 1024242.00
1145 1023281.00
1146 1022699.00
1147 1038438.00
1148 1036663.00
1149 1036380.00
1150 1034761.00
1151 1033182.00
1152 1031480.00
1153 1029515.00
1154 1029277.00
1155 1027220.00
1156 1025540.00
1157 1026284.00
1158 1024191.00
1159 1023569.00
1160 1023593.00
1161 1021778.00
1162 1020128.00
1163 1018397.00
1164 1017389.00
1165 1017188.00
1166 1015293.00
1167 1018803.00
1168 1016975.00
1169 1016729.00
1170 1017009.00
1171 1015064.00
1172 1013512.00
1173 1014708.00
1174 1013768.00
1175 1012818.00
1176 1013221.00
1177 1011533.00
1178 1009803.00
1179 1008975.00
1180 1007027.00
1181 1005214.00
1182 1123681.00
1183 1122283.00
1184 1121295.00
1185 1121284.00
1186 1120839.00
1187 1120101.00
1188 1121754.00
1189 1130167.00
1190 1128098.00
1191 1126407.00
1192 1125621.00
1193 1125908.00
1194 1157901.00
1195 1156133.00
1196 1154211.00
1197 1152927.00
1198 1150930.00
1199 1149234.00
1200 1148475.00
1201 1147686.00
1202 1145719.00
1203 1146979.00
1204 1144958.00
1205 1143516.00
1206 1147266.00
1207 1146744.00
1208 1145936.00
1209 1145435.00
1210 1143897.00
1211 1142122.00
1212 1140486.00
1213 1138525.00
1214 1137038.00
1215 1135252.00
1216 1134236.00
1217 1134013.00
1218 1136575.00
1219 1134710.00
1220 1132721.00
1221 1131235.00
1222 1129502.00
1223 1128756.00
1224 1127565.00
1225 1126073.00
1226 1124079.00
1227 1125288.00
1228 1126747.00
1229 1124768.00
1230 1123285.00
1231 1122533.00
1232 1120802.00
1233 1119070.00
1234 1118808.00
1235 1118434.00
1236 1116633.00
1237 1115192.00
1238 1113283.00
1239 1125874.00
1240 1124874.00
1241 1126134.00
1242 1126713.00
1243 1135697.00
1244 1133988.00
1245 1135728.00
1246 1138447.00
1247 1136798.00
1248 1135662.00
1249 1144645.00
1250 1145272.00
1251 1143590.00
1252 1145078.00
1253 1146203.00
1254 1144289.00
1255 1142517.00
1256 1141031.00
1257 1140015.00
1258 1138037.00
1259 1136293.00
1260 1134818.00
1261 1133070.00
1262 1131840.00
1263 1134112.00
1264 1133118.00
1265 1132059.00
1266 1132067.00
1267 1130102.00
1268 1128335.00
1269 1128328.00
1270 1128638.00
1271 1126624.00
1272 1126130.00
1273 1124121.00
1274 1124710.00
1275 1123621.00
1276 1122138.00
1277 1120715.00
1278 1123142.00
1279 1123218.00
1280 1121103.00
1281 1119671.00
1282 1117682.00
1283 1117719.00
1284 1115705.00
1285 1114420.00
1286 1120706.00
1287 1119357.00
1288 1118584.00
1289 1116612.00
1290 1115167.00
1291 1113403.00
1292 1113883.00
1293 1115075.00
1294 1113868.00
1295 1112616.00
1296 1110675.00
1297 1108917.00
1298 1107151.00
1299 1105373.00
1300 1104423.00
1301 1102636.00
1302 1101977.00
1303 1100582.00
1304 1098188.00
1305 1096735.00
1306 1095267.00
1307 1093760.00
1308 1095430.00
1309 1095182.00
1310 1093221.00
1311 1091998.00
1312 1091073.00
1313 1090025.00
1314 1088276.00
1315 1088970.00
1316 1087255.00
1317 1085496.00
1318 1084666.00
1319 1082760.00
1320 1082013.00
1321 1080048.00
1322 1078315.00
1323 1077534.00
1324 1075872.00
1325 1073894.00
1326 1073867.00
1327 1071907.00
1328 1078991.00
1329 1077505.00
1330 1076009.00
1331 1081701.00
1332 1086340.00
1333 1085277.00
1334 1083601.00
1335 1082524.00
1336 1081470.00
1337 1080078.00
1338 1079502.00
1339 1078018.00
1340 1076152.00
1341 1076139.00
1342 1073969.00
1343 1072247.00
1344 1070536.00
1345 1069020.00
1346 1067316.00
1347 1065523.00
1348 1063508.00
1349 1061757.00
1350 1061562.00
1351 1066052.00
1352 1064260.00
1353 1062275.00
1354 1061734.00
1355 1060283.00
1356 1058800.00
1357 1057770.00
1358 1056358.00
1359 1054197.00
1360 1052618.00
1361 1050876.00
1362 1057422.00
1363 1056266.00
1364 1055547.00
1365 1054890.00
1366 1052767.00
1367 1051313.00
1368 1049294.00
1369 1047574.00
1370 1046115.00
1371 1045379.00
1372 1163109.00
1373 1168710.00
1374 1167030.00
1375 1166740.00
1376 1166007.00
1377 1166160.00
1378 1181219.00
1379 1179988.00
1380 1177969.00
1381 1177024.00
1382 1178239.00
1383 1177286.00
1384 1175258.00
1385 1174032.00
1386 1171974.00
1387 1172074.00
1388 1170065.00
1389 1168535.00
1390 1166578.00
1391 1164837.00
1392 1167298.00
1393 1172470.00
1394 1174385.00
1395 1172908.00
1396 1171531.00
1397 1170184.00
1398 1169171.00
1399 1167714.00
1400 1166711.00
1401 1164980.00
1402 1162967.00
1403 1161772.00
1404 1159785.00
1405 1160044.00
1406 1164710.00
1407 1169659.00
1408 1169081.00
1409 1168176.00
1410 1167789.00
1411 1168181.00
1412 1164307.00
1413 1166353.00
1414 1166849.00
1415 1187816.00
1416 1186307.00
1417 1184506.00
1418 1183013.00
1419 1181569.00
1420 1188208.00
1421 1186410.00
1422 1184608.00
1423 1182893.00
1424 1183957.00
1425 1182213.00
1426 1181171.00
1427 1179155.00
1428 1179188.00
1429 1177274.00
1430 1176379.00
1431 1174864.00
1432 1179314.00
1433 1177607.00
1434 1175580.00
1435 1175276.00
1436 1173248.00
1437 1172302.00
1438 1171356.00
1439 1169591.00
1440 1167780.00
1441 1166299.00
1442 1164471.00
1443 1162673.00
1444 1161691.00
1445 1160683.00
1446 1158713.00
1447 1158949.00
1448 1158702.00
1449 1164404.00
1450 1163141.00
1451 1161735.00
1452 1159976.00
1453 1158197.00
1454 1156564.00
1455 1161072.00
1456 1158995.00
1457 1157241.00
1458 1157973.00
1459 1157074.00
1460 1155156.00
1461 1153654.00
1462 1151621.00
1463 1151170.00
1464 1149421.00
1465 1148652.00
1466 1146667.00
1467 1144938.00
1468 1143269.00
1469 1141774.00
1470 1143877.00
1471 1142939.00
1472 1143126.00
1473 1147579.00
1474 1146601.00
1475 1145593.00
1476 1144875.00
1477 1145130.00
1478 1143221.00
1479 1141791.00
1480 1140681.00
1481 1138869.00
1482 1137257.00
1483 1139225.00
1484 1137399.00
1485 1135679.00
1486 1134937.00
1487 1132929.00
1488 1134901.00
1489 1173261.00
1490 1171162.00
1491 1169924.00
1492 1170201.00
1493 1174949.00
1494 1182035.00
1495 1182743.00
1496 1180883.00
1497 1187628.00
1498 1187081.00
1499 1185950.00
1500 1184550.00
1501 1192717.00
1502 1205255.00
1503 1204739.00
1504 1203905.00
1505 1206131.00
1506 1208248.00
1507 1207129.00
1508 1206853.00
1509 1205116.00
1510 1203378.00
1511 1203401.00
1512 1206567.00
1513 1348444.00
1514 1348988.00
1515 1348474.00
1516 1347736.00
1517 1345775.00
1518 1343998.00
1519 1347035.00
1520 1344941.00
1521 1343221.00
1522 1341714.00
1523 1390463.00
1524 1392596.00
1525 1392533.00
1526 1403125.00
1527 1402911.00
1528 1402262.00
1529 1402247.00
1530 1401026.00
1531 1406195.00
1532 1404651.00
1533 1403950.00
1534 1408601.00
1535 1406984.00
1536 1405327.00
1537 1404572.00
1538 1402429.00
1539 1404966.00
1540 1403119.00
1541 1401913.00
1542 1401156.00
1543 1399418.00
1544 1397647.00
1545 1398125.00
1546 1405434.00
1547 1405239.00
1548 1404516.00
1549 1415730.00
1550 1429977.00
1551 1430093.00
1552 1428148.00
1553 1431102.00
1554 1429506.00
1555 1429448.00
1556 1428450.00
1557 1427486.00
1558 1425687.00
1559 1432606.00
1560 1559629.00
1561 2239531.00
1562 2238005.00
1563 2236538.00
1564 2236047.00
1565 2234842.00
1566 2233236.00
1567 2231782.00
1568 2229814.00
1569 2228098.00
1570 2227923.00
1571 2226073.00
1572 2224376.00
1573 2224299.00
1574 2222601.00
1575 2222422.00
1576 2221380.00
1577 2219605.00
1578 2217698.00
1579 2216206.00
1580 2214179.00
1581 2213406.00
1582 2212526.00
1583 2211172.00
1584 2212622.00
1585 2212901.00
1586 2211169.00
1587 2209707.00
1588 2207679.00
1589 2207897.00
1590 2248454.00
1591 2247985.00
1592 2249255.00
1593 2248112.00
1594 2249977.00
1595 2249377.00
1596 2254921.00
1597 2252937.00
1598 2251205.00
1599 2250166.00
1600 2250175.00
1601 2248467.00
1602 2246762.00
1603 2370023.00
1604 2371464.00
1605 2370525.00
1606 2369965.00
1607 2368655.00
1608 2367873.00
1609 2366170.00
1610 2364434.00
1611 2362484.00
1612 2360712.00
1613 2359187.00
1614 2359625.00
1615 2357459.00
1616 2357424.00
1617 2386897.00
1618 2385044.00
1619 2383011.00
1620 2382747.00
1621 2381521.00
1622 2379777.00
1623 2378081.00
1624 2377748.00
1625 2376476.00
1626 2374859.00
1627 2387444.00
1628 2385562.00
1629 2385560.00
1630 2383758.00
1631 2381890.00
1632 2380183.00
1633 2379212.00
1634 2378159.00
1635 2376211.00
1636 2374960.00
1637 2373098.00
1638 2371253.00
1639 2370465.00
1640 2369249.00
1641 2367514.00
1642 2366055.00
1643 2364281.00
1644 2368225.00
1645 2383576.00
1646 2382195.00
1647 2381435.00
1648 2379461.00
1649 2377960.00
1650 2376007.00
1651 2374800.00
1652 2373551.00
1653 2371910.00
1654 2370918.00
1655 2369162.00
1656 2368607.00
1657 2367515.00
1658 2365523.00
1659 2364329.00
1660 2362314.00
1661 2362636.00
1663 2351257.00
1665 2351794.00
1666 2350753.00
1667 2348999.00
1669 2339653.00
1671 2328780.00
1673 2317625.00
1674 2348104.00
1675 2346229.00
1678 2325805.00
1679 2324139.00
1680 2322307.00
1681 2321165.00
1682 2319670.00
1683 2338186.00
1684 2336346.00
1685 2334593.00
1686 2332697.00
1687 2332140.00
1688 2330177.00
1689 2330220.00
1690 2331581.00
1691 2330067.00
1692 2329260.00
1693 2327543.00
1694 2326087.00
1776 1508667.00
1777 1506926.00
1778 1505466.00
1779 1503716.00
1781 1625579.00
1782 1640269.00
1783 1639170.00
1784 1638308.00
1785 1636473.00
1786 1634571.00
1787 1632768.00
1788 1631202.00
1789 1631659.00
1790 1781154.00
1791 1779667.00
1792 1777532.00
1793 1776765.00
1794 1774880.00
1795 1773835.00
1796 1773153.00
1797 1771430.00
1798 1769660.00
1799 1768607.00
1800 1767897.00
1801 1769059.00
1802 1767553.00
1803 1765595.00
1804 1763864.00
1805 1762423.00
1806 1760696.00
1807 1759431.00
1808 1758147.00
1809 1756660.00
1810 1765835.00
1811 1764746.00
1812 1765244.00
1813 1768935.00
1814 1767348.00
1815 1765493.00
1816 1778149.00
1817 1776037.00
1818 1774778.00
1819 1772795.00
1820 1771801.00
1830 1687002.00
1831 1685245.00
1832 1683481.00
1833 1682171.00
1834 1681008.00
1835 1679072.00
1837 1668915.00
1838 1667909.00
1839 1666400.00
1840 1664949.00
1841 1663161.00
1842 1661194.00
1843 1784456.00
1844 1785181.00
1845 1789171.00
1846 1787186.00
1847 1791328.00
1848 1789594.00
1849 1790843.00
1850 1789966.00
1851 1788312.00
1852 1786539.00
1853 1787495.00
1854 1785776.00
1855 1784781.00
1856 1784798.00
1857 1788492.00
1858 1786464.00
1859 1785078.00
1860 1787477.00
1861 1786770.00
1862 1785012.00
1863 1783265.00
1864 1781338.00
1865 1779810.00
1866 1781940.00
1867 1781671.00
1870 1761729.00
1871 1760961.00
1872 1760384.00
1873 1760564.00
1874 1761326.00
1875 1766250.00
1876 1765852.00
1877 1764833.00
1878 1768783.00
1879 1767045.00
1881 1757551.00
1882 1755803.00
1883 1754817.00
1884 1753033.00
1885 1753575.00
1886 1752551.00
1888 1743194.00
1889 1741042.00
1890 1739322.00
1891 1738260.00
1892 1737539.00
1893 1735759.00
1894 1734976.00
1895 1732857.00
1896 1732595.00
1897 1730742.00
1898 1729159.00
1899 1727103.00
1900 1725377.00
1901 1724514.00
1902 1723470.00
1903 1721899.00
1904 1720228.00
1905 1718340.00
1906 1716777.00
1907 1716007.00
1908 1715720.00
1910 1704138.00
1911 1702666.00
1912 1710698.00
1913 1708736.00
1914 1707532.00
1915 1705571.00
1916 1703790.00
1917 1702068.00
1918 1700299.00
1919 1698532.00
1920 1697067.00
1921 1695098.00
1922 1694372.00
1923 1703463.00
1924 1701539.00
1935 1599582.00
1937 1588071.00
1938 1586019.00
1939 1584309.00
1940 1582764.00
1941 1581815.00
1942 1579872.00
1943 1580365.00
1959 1430386.00
1960 1428753.00
1961 1426602.00
1962 1425144.00
1963 1424351.00
1964 1423842.00
1965 1422074.00
1966 1420855.00
1967 1420815.00
1968 1418702.00
1969 1431212.00
1971 1421048.00
1972 1419769.00
1973 1417911.00
1974 1416403.00
1975 1414757.00
1976 1413835.00
1977 1415329.00
1978 1413545.00
1979 1411861.00
1980 1410135.00
1981 1408646.00
1982 1407692.00
1983 1425946.00
1984 1424160.00
1985 1421964.00
1986 1421333.00
1987 1419543.00
1988 1417719.00
1989 1419629.00
1990 1417872.00
1991 1417577.00
1992 1415753.00
1993 1414088.00
1994 1413110.00
1995 1411294.00
1996 1410096.00
1997 1408927.00
1998 1406911.00
1999 1408337.00
2000 1407881.00
2014 1287117.00
2015 1285237.00
2016 1284318.00
2017 1283125.00
2018 1281171.00
2019 1279442.00
2020 1280936.00
2021 1283826.00
2022 1282125.00
2023 1281381.00
2025 1270270.00
2026 1268506.00
2027 1267074.00
2028 1265266.00
2029 1265042.00
2030 1263351.00
2031 1261436.00
2032 1260380.00
2033 1258877.00
2034 1259339.00
2035 1257416.00
2036 1256390.00
2037 1255001.00
2038 1253148.00
2039 1251154.00
2040 1251885.00
2041 1250222.00
2042 1248748.00
2043 1247107.00
2044 1245828.00
2045 1255953.00
2046 1255773.00
2047 1257058.00
2048 1262063.00
2049 1262468.00
2050 1270597.00
2051 1270025.00
2052 1275600.00
2053 1274748.00
2054 1273942.00
2055 1273942.00
2056 1273178.00
2057 1272717.00
2058 1275158.00
2059 1277373.00
2060 1276595.00
2061 1274880.00
2062 1285114.00
2063 1283218.00
2064 1282282.00
2065 1281174.00
2066 1291305.00
2067 1301345.00
2068 1299301.00
2069 1299296.00
2070 1297521.00
2071 1295565.00
2072 1294868.00
2073 1293127.00
2074 1292875.00
2075 1291169.00
2076 1289559.00
2077 1299644.00
2078 1310285.00
2079 1308337.00
2080 1306551.00
2081 1304860.00
2082 1302832.00
2083 1301801.00
2084 1299644.00
2085 1319461.00
2086 1317881.00
2087 1316167.00
2088 1316353.00
2090 1328988.00
2091 1327742.00
2092 1325680.00
2093 1323921.00
2094 1322169.00
2095 1320507.00
2096 1318812.00
2097 1317364.00
2098 1315312.00
2099 1313487.00
2100 1312000.00
2101 1321224.00
2102 1319397.00
2103 1317479.00
2104 1316985.00
2105 1318727.00
2106 1320751.00
2107 1321333.00
2108 1320524.00
2109 1320347.00
2110 1318573.00
2111 1316818.00
2112 1316043.00
2113 1314324.00
2114 1312877.00
2115 1310886.00
2116 1309626.00
2117 1317313.00
2118 1315743.00
2119 1313995.00
2120 1312251.00
2121 1310473.00
2122 1322887.00
2123 1320927.00
2124 1320184.00
2125 1318398.00
2126 1317372.00
2127 1316925.00
2128 1314914.00
2129 1313183.00
2130 1311686.00
2131 1310042.00
2132 1308749.00
2133 1307659.00
2134 1308346.00
2135 1306823.00
2136 1312060.00
2137 1310114.00
2138 1308599.00
2139 1310752.00
2140 1309060.00
2141 1308092.00
2142 1307010.00
2143 1305869.00
2144 1338335.00
2145 1336493.00
2146 1337033.00
2147 1335453.00
2148 1339433.00
2149 1338423.00
2150 1339922.00
2151 1338906.00
2152 1337633.00
2153 1335600.00
2154 1339810.00
2155 1338560.00
2156 1336613.00
2157 1335066.00
2158 1333165.00
2159 1332473.00
2160 1336645.00
2161 1335118.00
2162 1333350.00
2163 1332419.00
2164 1330655.00
2165 1329619.00
2166 1328920.00
2167 1326857.00
2168 1325166.00
2169 1326448.00
2170 1326043.00
2171 1324049.00
2172 1322406.00
2173 1320740.00
2174 1320383.00
2175 1321205.00
2176 1320192.00
2177 1320328.00
2178 1318579.00
2179 1318058.00
2180 1318340.00
2181 1317300.00
2182 1315832.00
2183 1314133.00
2184 1312129.00
2185 1310634.00
2186 1308642.00
2187 1307591.00
2188 1305451.00
2189 1308427.00
2190 1317243.00
2191 1316470.00
2192 1327138.00
2193 1336361.00
2194 1335485.00
2195 1334277.00
2196 1336435.00
2197 1337442.00
2198 1335688.00
2199 1333812.00
2200 1333908.00
2201 1343957.00
2202 1347625.00
2203 1346424.00
2204 1345196.00
2205 1344952.00
2206 1343171.00
2207 1341478.00
2208 1341250.00
2209 1339411.00
2210 1338542.00
2211 1456428.00
2212 1454490.00
2213 1452758.00
2214 1450751.00
2215 1449026.00
2216 1447592.00
2217 1445837.00
2218 1445311.00
2219 1443605.00
2220 1441612.00
2221 1440605.00
2222 1439147.00
2223 1437421.00
2224 1445282.00
2225 1443413.00
2226 1441499.00
2227 1441564.00
2228 1440057.00
2229 1438937.00
2230 1437091.00
2231 1435901.00
2232 1435869.00
2233 1436125.00
2234 1435167.00
2235 1433403.00
2236 1431431.00
2237 1430428.00
2238 1429447.00
2239 1433199.00
2240 1431744.00
2241 1430523.00
2242 1430858.00
2243 1428859.00
2244 1450897.00
2245 1449540.00
2246 1447651.00
2247 1447487.00
2248 1445543.00
2249 1446787.00
2250 1444810.00
2251 1444065.00
2252 1442295.00
2253 1441511.00
2254 1440784.00
2255 1441536.00
2256 1440007.00
2257 1438013.00
2258 1436538.00
2259 1434567.00
2260 1434515.00
2261 1433560.00
2262 1432823.00
2263 1430862.00
2264 1548301.00
2265 1547075.00
2266 1545465.00
2267 1544166.00
2268 1554450.00
2269 1556466.00
2270 1557205.00
2271 1555269.00
2272 1553731.00
2273 1552683.00
2274 1551022.00
2275 1549787.00
2276 1549488.00
2277 1549800.00
2278 1547759.00
2279 1549750.00
2280 1550198.00
2281 1549168.00
2282 1548267.00
2283 1546497.00
2284 1544447.00
2285 1545192.00
2286 1552657.00
2287 1551584.00
2289 1563212.00
2290 1564372.00
2291 1563303.00
2292 1561722.00
2293 1561896.00
2294 1560184.00
2295 1559125.00
2296 1558179.00
2297 1556408.00
2298 1554464.00
2299 1552886.00
2300 1551241.00
2301 1549450.00
2302 1553495.00
2303 1551391.00
2304 1550714.00
2305 1548649.00
2306 1547188.00
2307 1547385.00
2308 1555352.00
2309 1580771.00
2310 1579706.00
2311 1578655.00
2312 1584593.00
2313 1584200.00
2314 1582337.00
2315 1580614.00
2316 1578665.00
2317 1577212.00
2318 1575440.00
2319 1581380.00
2320 1579570.00
2321 1592052.00
2322 1592520.00
2323 1598149.00
2324 1596883.00
2325 1596026.00
2326 1594323.00
2327 1593097.00
2328 1591583.00
2329 1590630.00
2330 1588639.00
2331 1589622.00
2332 1587889.00
2333 1587624.00
2334 1586205.00
2335 1587058.00
2336 1585299.00
2337 1588456.00
2348 1487448.00
2350 1477223.00
2351 1475965.00
2352 1474506.00
2353 1473264.00
2354 1471534.00
2355 1470045.00
2356 1475911.00
2357 1475383.00
2358 1473840.00
2359 1472185.00
2360 1471838.00
2361 1471443.00
2362 1471202.00
2363 1473480.00
2364 1473244.00
2365 1471417.00
2366 1469794.00
2367 1468984.00
2368 1467448.00
2369 1472570.00
2370 1470823.00
2371 1469041.00
2372 1467012.00
2373 1466939.00
2374 1468610.00
2375 1467145.00
2376 1465104.00
2377 1463303.00
2378 1461611.00
2380 1450041.00
2381 1447983.00
2382 1446699.00
2383 1444606.00
2384 1449141.00
2385 1447176.00
2386 1446251.00
2388 1435245.00
2389 1434210.00
2390 1432409.00
2391 1434333.00
2392 1432097.00
2393 1430700.00
2394 1428887.00
2395 1427261.00
2396 1425389.00
2397 1427426.00
2398 1425480.00
2399 1424053.00
2400 1431448.00
2410 1339484.00
2411 1337910.00
2412 1336556.00
2414 1326446.00
2415 1325754.00
2416 1324441.00
2417 1322784.00
2418 1321960.00
2419 1324558.00
2420 1325407.00
2421 1323698.00
2422 1323520.00
2423 1321764.00
2424 1320869.00
2425 1331626.00
2426 1329748.00
2427 1328054.00
2428 1327955.00
2429 1326251.00
2430 1325182.00
2431 1324084.00
2432 1322350.00
2433 1320945.00
2434 1319197.00
2435 1326469.00
2436 1325441.00
2437 1327954.00
2438 1328083.00
2439 1339816.00
2440 1339152.00
2441 1338111.00
2442 1336408.00
2443 1334940.00
2444 1335775.00
2445 1334028.00
2446 1333152.00
2447 1332109.00
2448 1330434.00
2449 1328875.00
2450 1326917.00
2451 1325908.00
2452 1324190.00
2453 1322778.00
2454 1322916.00
2455 1331289.00
2456 1329569.00
2457 1327770.00
2458 1334658.00
2459 1332712.00
2460 1334197.00
2461 1333409.00
2462 1450781.00
2463 1448895.00
2464 1447898.00
2465 1446168.00
2466 1444440.00
2467 1443192.00
2468 1441659.00
2469 1440002.00
2470 1450814.00
2471 1449053.00
2472 1447340.00
2473 1445331.00
2474 1508821.00
2475 1508423.00
2476 1509208.00
2477 1510720.00
2478 1516263.00
2479 1515422.00
2480 1514627.00
2481 1515970.00
2482 1515086.00
2483 1516380.00
2484 1516156.00
2485 1514248.00
2486 1512842.00
2487 1511187.00
2488 1510070.00
2489 1513451.00
2490 1511411.00
2491 1510207.00
2492 1509155.00
2493 1511724.00
2494 1512001.00
2495 1511277.00
2496 1514554.00
2497 1513203.00
2498 1512368.00
2499 1510383.00
2500 1509409.00
2501 1509395.00
2502 1512423.00
2503 1513080.00
2504 1511200.00
2505 1509916.00
2506 1507887.00
2507 1506108.00
2508 1516529.00
2509 1532625.00
2510 1530536.00
2511 1529046.00
2512 1527502.00
2513 1526371.00
2514 1528931.00
2515 1527302.00
2516 1529059.00
2517 1527525.00
2518 1527207.00
2519 1527128.00
2521 1517381.00
2522 1516091.00
2523 1518168.00
2524 1516099.00
2525 1514369.00
2526 1512348.00
2527 1510853.00
2528 1509120.00
2529 1507630.00
2530 1507389.00
2531 1506164.00
2532 1504839.00
2533 1503700.00
2534 1502713.00
2535 1500962.00
2536 1499259.00
2537 1497504.00
2538 1496533.00
2539 1494723.00
2540 1492974.00
2541 1491271.00
2542 1490533.00
2543 1489412.00
2544 1489810.00
2545 1488795.00
2546 1487768.00
2547 1485845.00
2548 1485353.00
2549 1484352.00
2550 1483287.00
2551 1481567.00
2552 1479608.00
2553 1481087.00
2554 1479336.00
2555 1477628.00
2556 1475616.00
2557 1474896.00
2558 1473109.00
2559 1471405.00
2560 1469540.00
2561 1468213.00
2562 1467034.00
2563 1465204.00
2564 1463783.00
2565 1463258.00
2566 1461249.00
2567 1460064.00
2568 1458119.00
2569 1456624.00
2570 1463251.00
2571 1461943.00
2572 1461693.00
2573 1460480.00
2574 1458723.00
2575 1457027.00
2576 1455994.00
2577 1459417.00
2578 1458923.00
2579 1457167.00
2580 1457273.00
2581 1455475.00
2582 1453508.00
2583 1452266.00
2584 1450304.00
2585 1448799.00
2586 1446821.00
2587 1446678.00
2588 1443602.00
2589 1442908.00
2590 1441366.00
2591 1443335.00
2592 1441332.00
2593 1439936.00
2594 1442040.00
2595 1440361.00
2596 1438734.00
2597 1436971.00
2598 1435102.00
2599 1433097.00
2600 1433094.00
2602 1422777.00
2604 1412695.00
2606 1402230.00
2607 1400654.00
2608 1399317.00
2609 1397783.00
2610 1397432.00
2616 1346094.00
2617 1344272.00
2618 1342222.00
2619 1340501.00
2620 1339011.00
2621 1338278.00
2622 1336709.00
2623 1336060.00
2624 1357906.00
2625 1356762.00
2626 1358120.00
2627 1356089.00
2628 1354759.00
2629 1352741.00
2630 1351719.00
2631 1351046.00
2632 1351754.00
2633 1349967.00
2634 1349967.00
2635 1474562.00
2636 1474924.00
2637 1472906.00
2638 1471343.00
2639 1471615.00
2640 1470868.00
2641 1470432.00
2642 1470165.00
2643 1470449.00
2644 1472805.00
2645 1471383.00
2646 1470424.00
2647 1468648.00
2648 1472841.00
2649 1471848.00
2650 1470172.00
2651 1468136.00
2652 1469601.00
2653 1470331.00
2654 1468358.00
2655 1468534.00
2656 1466347.00
2657 1465353.00
2658 1463772.00
2659 1462065.00
2660 1460152.00
2661 1460621.00
2662 1463687.00
2663 1461803.00
2664 1475576.00
2665 1487289.00
2666 1485364.00
2667 1492641.00
2668 1492972.00
2669 1494591.00
2670 1505061.00
2671 1503948.00
2672 1503884.00
2673 1504980.00
2674 1504306.00
2676 1503189.00
2677 1501765.00
2678 1499944.00
2679 1502611.00
2680 1501773.00
2681 1500506.00
2682 1500796.00
2683 1499603.00
2684 1499796.00
2685 1497815.00
2686 1497065.00
2687 1499071.00
2688 1497568.00
2689 1507375.00
2691 1497287.00
2692 1495205.00
2694 1486342.00
2695 1484425.00
2696 1483509.00
2697 1482461.00
2698 1483620.00
2699 1481923.00
2700 1480380.00
2701 1479344.00
2702 1477425.00
2703 1475646.00
2704 1474165.00
2705 1472436.00
2706 1474642.00
2707 1485558.00
2708 1486024.00
2709 1484794.00
2710 1483080.00
2711 1481535.00
2712 1481292.00
2713 1480058.00
2714 1478006.00
2715 1476349.00
2716 1474620.00
2717 1473082.00
2718 1474018.00
2719 1472355.00
2720 1471281.00
2721 1471526.00
2722 1487455.00
2723 1486427.00
2724 1490033.00
2725 1491846.00
2726 1490188.00
2727 1488349.00
2728 1487287.00
2729 1485773.00
2730 1484340.00
2731 1486849.00
2732 1485356.00
2733 1484871.00
2734 1482561.00
2735 1482531.00
2736 1482246.00
2737 1481546.00
2738 1481455.00
2739 1479521.00
2740 1478810.00
2741 1476776.00
2742 1475359.00
2743 1479522.00
2744 1479980.00
2745 1478247.00
2746 1477982.00
2747 1476979.00
2748 1474996.00
2749 1473635.00
2750 1473460.00
2751 1473195.00
2752 1472799.00
2753 1471488.00
2754 1470290.00
2755 1468288.00
2756 1466652.00
2757 1477744.00
2758 1475721.00
2759 1474353.00
2760 1476367.00
2761 1476812.00
2762 1475324.00
2763 1473621.00
2764 1471876.00
2765 1470120.00
2766 1468785.00
2767 1470808.00
2774 1413316.00
2775 1411991.00
2776 1410017.00
2777 1409033.00
2778 1407432.00
2779 1409178.00
2780 1407240.00
2781 1408389.00
2782 1406378.00
2783 1404950.00
2784 1403144.00
2785 1419101.00
2786 1418216.00
2787 1420138.00
2788 1418655.00
2789 1417406.00
2790 1417880.00
2791 1416202.00
2792 1415400.00
2793 1413475.00
2794 1411814.00
2795 1411184.00
2796 1409285.00
2797 1410446.00
2798 1408648.00
2799 1407187.00
2800 1410668.00
2801 1408890.00
2802 1407474.00
2803 1407912.00
2804 1406159.00
2805 1404975.00
2806 1405206.00
2807 1410303.00
2808 1408439.00
2809 1411621.00
2810 1411075.00
2811 1409333.00
2812 1408839.00
2813 1412747.00
2814 1412730.00
2815 1410735.00
2816 1409501.00
2817 1407556.00
2818 1405758.00
2819 1403840.00
2820 1402397.00
2821 1401845.00
2822 1400397.00
2823 1402290.00
2824 1402769.00
2825 1405234.00
2826 1403261.00
2827 1402257.00
2828 1402246.00
2829 1400390.00
2830 1400233.00
2831 1399263.00
2832 1397539.00
2833 1396315.00
2834 1394792.00
2835 1393053.00
2836 1391354.00
2837 1390353.00
2838 1389290.00
2839 1387392.00
2840 1388840.00
2841 1388577.00
2842 1388310.00
2843 1386676.00
2844 1385292.00
2845 1393600.00
2846 1392692.00
2847 1391526.00
2848 1389734.00
2849 1388516.00
2850 1390045.00
2851 1388076.00
2852 1386559.00
2853 1386448.00
2854 1385152.00
2855 1383745.00
2856 1385738.00
2857 1385004.00
2858 1384271.00
2859 1382515.00
2860 1396760.00
2861 1395037.00
2862 1546037.00
2863 1545812.00
2864 1547283.00
2865 1545612.00
2866 1544021.00
2867 1542045.00
2868 1541998.00
2869 1540781.00
2870 1539096.00
2871 1537546.00
2872 1537877.00
2874 1538583.00
2875 1542974.00
2876 1540981.00
2877 1540483.00
2878 1538456.00
2879 1536728.00
2880 1535249.00
2881 1533486.00
2882 1531499.00
2883 1530102.00
2884 1529284.00
2885 1527557.00
2886 1525804.00
2887 1525047.00
2888 1523068.00
2889 1521342.00
2890 1521078.00
2891 1521071.00
2892 1521550.00
2893 1524799.00
2894 1523083.00
2895 1522351.00
2896 1528648.00
2897 1527899.00
2898 1526121.00
2899 1527836.00
2900 1526485.00
2901 1525214.00
2902 1524585.00
2903 1534548.00
2904 1537025.00
2905 1568072.00
2906 1566777.00
2907 1564530.00
2908 1563247.00
2909 1575923.00
2910 1574101.00
2911 1572348.00
2912 1570580.00
2913 1568890.00
2914 1573364.00
2915 1621575.00
2916 1633051.00
2918 1623113.00
2919 1621571.00
2920 1619815.00
2921 1618140.00
2922 1616127.00
2923 1614911.00
2924 1612867.00
2925 1611383.00
2926 1609461.00
2927 1607677.00
2928 1606175.00
2929 1604436.00
2930 1603319.00
2931 1603481.00
2932 1602442.00
2933 1601472.00
2934 1600664.00
2935 1600246.00
2936 1605263.00
2937 1603231.00
2938 1601941.00
2939 1600011.00
2940 1598225.00
2941 1596519.00
2942 1597251.00
2943 1601741.00
2944 1600417.00
2945 1598892.00
2946 1598375.00
2947 1596910.00
2948 1595134.00
2949 1594021.00
2950 1592428.00
2951 1591422.00
2952 1589476.00
2953 1587739.00
2954 1586224.00
2955 1584511.00
2956 1583235.00
2957 1583724.00
2958 1583669.00
2959 1581934.00
2960 1580672.00
2961 1578732.00
2962 1578943.00
2963 1577182.00
2964 1576508.00
2965 1574536.00
2966 1573327.00
2967 1577769.00
2968 1575659.00
2969 1574086.00
2970 1579373.00
2971 1577793.00
2972 1576168.00
2973 1574345.00
2974 1574614.00
2975 1573505.00
2976 1573445.00
2977 1575291.00
2978 1574889.00
2979 1573260.00
2980 1571800.00
2981 1569618.00
2982 1587164.00
2983 1585771.00
2984 1583668.00
2985 1582021.00
2986 1580008.00
2987 1579150.00
2988 1577255.00
2989 1575410.00
2990 1573466.00
2991 1572153.00
2992 1570315.00
2993 1568568.00
2994 1568103.00
2995 1566374.00
2996 1564713.00
2997 1563120.00
2998 1561913.00
2999 1560188.00
3000 1558907.00
3001 1558098.00
3002 1558624.00
3003 1576744.00
3004 1574881.00
3005 1573178.00
3006 1571229.00
3007 1570071.00
3008 1569227.00
3009 1569439.00
3010 1568076.00
3011 1566835.00
3012 1565133.00
3013 1564259.00
3014 1562655.00
3015 1560809.00
3016 1559316.00
3017 1558083.00
3018 1556365.00
3019 1554474.00
3020 1553023.00
3021 1552649.00
3022 1551809.00
3023 1549736.00
3024 1548299.00
3025 1546341.00
3026 1544873.00
3027 1543197.00
3028 1541327.00
3029 1539474.00
3030 1539505.00
3031 1540550.00
3032 1544350.00
3033 1670967.00
3034 1693589.00
3035 2358762.00
3036 2357801.00
3037 2356564.00
3038 2356762.00
3039 2356277.00
3040 2354789.00
3041 2352579.00
3042 2353075.00
3043 2351370.00
3044 2350533.00
3045 2348578.00
3046 2347815.00
3047 2347862.00
3048 2346791.00
3049 2354885.00
3053 2323921.00
3054 2322124.00
3055 2320589.00
3056 2319153.00
3057 2317698.00
3058 2315957.00
3059 2314244.00
3060 2312294.00
3061 2311646.00
3062 2310338.00
3063 2309822.00
3064 2307815.00
3065 2306022.00
3066 2306299.00
3067 2305699.00
3068 2305186.00
3069 2303719.00
3070 2302202.00
3071 2305546.00
3072 2313923.00
3073 2312627.00
3074 2310667.00
3075 2308875.00
3076 2308079.00
3077 2307614.00
3078 2306117.00
3079 2305801.00
3080 2304601.00
3081 2428609.00
3083 2422051.00
3084 2420540.00
3085 2418830.00
3086 2417059.00
3087 2415135.00
3088 2413595.00
3089 2418067.00
3090 2418037.00
3091 2416641.00
3092 2414748.00
3093 2413928.00
3094 2412232.00
3095 2410473.00
3096 2408751.00
3097 2411241.00
3098 2410932.00
3099 2408921.00
3100 2408711.00
3101 2406684.00
3102 2405915.00
3103 2403840.00
3104 2402369.00
3105 2400416.00
3106 2399683.00
3107 2397692.00
3108 2396130.00
3109 2394167.00
3110 2393656.00
3111 2395899.00
3112 2394408.00
3113 2402022.00
3114 2430374.00
3115 2428626.00
3116 2426906.00
3117 2425213.00
3118 2423242.00
3119 2421926.00
3120 2419964.00
3121 2418477.00
3122 2416502.00
3123 2415977.00
3124 2414218.00
3125 2412485.00
3126 2410842.00
3127 2409301.00
3128 2408204.00
3129 2410977.00
3130 2409574.00
3131 2408557.00
3132 2406836.00
3133 2405810.00
3134 2404034.00
3135 2402297.00
3136 2401561.00
3137 2399605.00
3138 2398606.00
3139 2397060.00
3140 2395438.00
3141 2393434.00
3142 2391677.00
3143 2389968.00
3144 2388501.00
3145 2389222.00
3146 2387496.00
3147 2385738.00
3148 2383979.00
3149 2388907.00
3150 2386906.00
3151 2385679.00
3152 2383760.00
3153 2382214.00
3154 2381215.00
3155 2379505.00
3156 2377447.00
3157 2376512.00
3158 2374976.00
3159 2375428.00
3160 2373497.00
3161 2375710.00
3162 2373787.00
3163 2372712.00
3164 2371503.00
3165 2369738.00
3166 2374197.00
3167 2373970.00
3168 2372152.00
3169 2371500.00
3170 2369950.00
3171 2368283.00
3172 2366688.00
3173 2365499.00
3174 2363538.00
3175 2365372.00
3176 2363573.00
3177 2361904.00
3178 2360791.00
3179 2359782.00
3180 2358056.00
3181 2357072.00
3182 2356138.00
3183 2357350.00
3184 2355622.00
3185 2353835.00
3191 2301566.00
3194 2279865.00
3195 2277887.00
3261 1619696.00
3262 1620157.00
3263 1618711.00
3264 1617127.00
3265 1615044.00
3266 1614776.00
3267 1612761.00
3268 1611201.00
3269 1609237.00
3270 1608977.00
3271 1608770.00
3272 1606981.00
3273 1604964.00
3274 1610638.00
3275 1609962.00
3276 1611635.00
3277 1610251.00
3278 1608153.00
3279 1606476.00
3280 1605386.00
3281 1603972.00
3282 1601951.00
3283 1619148.00
3284 1617519.00
3285 1616230.00
3286 1623116.00
3287 1621373.00
3288 1619617.00
3289 1617887.00
3290 1615893.00
3291 1614635.00
3292 1612725.00
3293 1610740.00
3294 1609258.00
3295 1607478.00
3296 1607234.00
3297 1606566.00
3298 1604522.00
3299 1603000.00
3300 1602096.00
3301 1600305.00
3302 1600518.00
3303 1599055.00
3304 1601476.00
3305 1599771.00
3314 1517621.00
3315 1515974.00
3316 1514177.00
3317 1512433.00
3318 1510682.00
3319 1509180.00
3320 1507197.00
3321 1505478.00
3322 1503784.00
3323 1502235.00
3324 1500545.00
3325 1498802.00
3326 1496770.00
3327 1495069.00
3328 1493592.00
3329 1491855.00
3330 1500927.00
3331 1500253.00
3332 1498500.00
3333 1496724.00
3334 1496461.00
3335 1494743.00
3336 1493728.00
3337 1492022.00
3338 1490225.00
3339 1488668.00
3340 1494399.00
3341 1495115.00
3342 1493483.00
3343 1612388.00
3344 1610703.00
3345 1609002.00
3346 1613700.00
3347 1615924.00
3348 1619699.00
3349 1617877.00
3350 1616331.00
3351 1614324.00
3352 1624727.00
3353 1623015.00
3354 1621275.00
3355 1619542.00
3356 1617809.00
3357 1616332.00
3358 1614359.00
3359 1617055.00
3360 1638229.00
3361 1636214.00
3362 1634481.00
3363 1632993.00
3364 1631291.00
3365 1629752.00
3366 1630599.00
3367 1630221.00
3368 1630712.00
3369 1631902.00
3370 1630490.00
3371 1629195.00
3372 1627225.00
3373 1626555.00
3374 1624563.00
3375 1623090.00
3376 1621061.00
3377 1620309.00
3378 1618367.00
3379 1616880.00
3380 1615097.00
3381 1616414.00
3382 1625498.00
3383 1623918.00
3384 1623449.00
3385 1621932.00
3386 1620183.00
3387 1618446.00
3388 1618514.00
3389 1617420.00
3390 1615964.00
3391 1618721.00
3392 1616960.00
3393 1615679.00
3394 1613960.00
3395 1613704.00
3396 1611960.00
3397 1610961.00
3398 1611641.00
3399 1613187.00
3400 1611381.00
3401 1610440.00
3402 1609526.00
3403 1610109.00
3405 1603701.00
3407 1592880.00
3408 1591151.00
3409 1590837.00
3410 1590617.00
3412 1579596.00
3413 1578450.00
3414 1576770.00
3415 1575887.00
3416 1573738.00
3418 1563585.00
3419 1564876.00
3420 1563183.00
3421 1561429.00
3422 1559453.00
3423 1557723.00
3424 1556298.00
3425 1554588.00
3426 1552955.00
3427 1551044.00
3428 1549063.00
3429 1548332.00
3430 1546573.00
3431 1544842.00
3432 1544043.00
3433 1543086.00
3434 1542174.00
3435 1540695.00
3436 1538736.00
3437 1541372.00
3438 1601557.00
3439 1599867.00
3440 1598190.00
3441 1596415.00
3442 1595221.00
3443 1594488.00
3444 1592519.00
3445 1595478.00
3446 1593460.00
3447 1591822.00
3448 1590076.00
3449 1588621.00
3450 1588341.00
3451 1586561.00
3452 1619904.00
3453 1618424.00
3454 1617568.00
3455 1616801.00
3456 1615353.00
3457 1613412.00
3458 1628896.00
3459 1627159.00
3460 1626683.00
3461 1624690.00
3462 1623196.00
3463 1624667.00
3464 1622967.00
3465 1624192.00
3466 1623182.00
3467 1621647.00
3468 1619677.00
3469 1618911.00
3470 1621010.00
3471 1619350.00
3473 1608123.00
3474 1606541.00
3475 1604806.00
3476 1603061.00
3477 1605021.00
3478 1603243.00
3479 1601773.00
3480 1599785.00
3481 1599077.00
3482 1597059.00
3483 1595610.00
3484 1594617.00
3485 1593587.00
3486 1591693.00
3495 1509044.00
3496 1507472.00
3497 1505738.00
3499 1493898.00
3500 1507275.00
3501 1505234.00
3502 1503768.00
3503 1502003.00
3504 1501023.00
3505 1498976.00
3506 1498164.00
3507 1496289.00
3508 1494576.00
3509 1492553.00
3510 1491285.00
3511 1489472.00
3512 1487642.00
3513 1493087.00
3514 1491276.00
3515 1491299.00
3516 1489540.00
3517 1487566.00
3518 1487586.00
3519 1488338.00
3520 1486862.00
3521 1488563.00
3522 1486594.00
3523 1485293.00
3524 1484076.00
3525 1482394.00
3526 1480867.00
3527 1479256.00
3528 1479144.00
3529 1478332.00
3530 1477138.00
3531 1476389.00
3532 1475317.00
3533 1473131.00
3534 1472122.00
3535 1470618.00
3536 1469443.00
3537 1473089.00
3538 1470947.00
3539 1469577.00
3540 1468372.00
3541 1466739.00
3542 1466137.00
3543 1464376.00
3544 1462665.00
3545 1464516.00
3546 1462501.00
3547 1460739.00
3548 1459775.00
3549 1458284.00
3550 1540871.00
3551 1539754.00
3552 1539471.00
3553 1540173.00
3554 1538187.00
3555 1536602.00
3556 1535761.00
3557 1533795.00
3558 1531816.00
3559 1535728.00
3560 1535216.00
3561 1535469.00
3562 1533990.00
3563 1532223.00
3564 1530511.00
3565 1528785.00
3566 1527237.00
3567 1526204.00
3568 1524365.00
3569 1523349.00
3570 1521723.00
3571 1522196.00
3572 1519980.00
3573 1518864.00
3574 1517356.00
3575 1516308.00
3576 1515828.00
3577 1514414.00
3578 1513785.00
3579 1512293.00
3580 1510373.00
3581 1508568.00
3582 1507837.00
3583 1507830.00
3584 1505839.00
3585 1504165.00
3586 1503594.00
3587 1502626.00
3588 1503296.00
3589 1501551.00
3590 1499835.00
3591 1498121.00
3592 1497375.00
3593 1496157.00
3594 1495702.00
3595 1495847.00
3596 1494849.00
3597 1492988.00
3598 1491532.00
3599 1489453.00
3600 1487895.00
3601 1529731.00
3605 1497429.00
3606 1495978.00
3607 1494950.00
3608 1494584.00
3609 1507624.00
3610 1506800.00
3611 1504871.00
3612 1503207.00
3613 1501612.00
3614 1503376.00
3615 1501831.00
3616 1500240.00
3617 1498702.00
3618 1496665.00
3619 1494907.00
3620 1494392.00
3621 1493429.00
3622 1492417.00
3623 1491402.00
3624 1493122.00
3625 1491699.00
3626 1489662.00
3627 1488197.00
3628 1486980.00
3629 1485411.00
3630 1484885.00
3631 1483019.00
3632 1481123.00
3633 1481177.00
3634 1479616.00
3635 1477797.00
3636 1476340.00
3637 1474345.00
3638 1472909.00
3639 1471369.00
3640 1470695.00
3641 1470787.00
3642 1468913.00
3643 1468215.00
3644 1467808.00
3645 1465702.00
3646 1464669.00
3647 1465520.00
3648 1467121.00
3649 1466033.00
3650 1464561.00
3651 1462873.00
3652 1460951.00
3653 1459458.00
3654 1458679.00
3655 1456923.00
3656 1455220.00
3657 1453734.00
3658 1453266.00
3659 1451744.00
3660 1453995.00
3661 1467643.00
3662 1480333.00
3663 1482685.00
3665 1474824.00
3666 1472788.00
3667 1471023.00
3668 1470799.00
3669 1469627.00
3670 1467688.00
3671 1467714.00
3672 1465787.00
3673 1464457.00
3674 1463061.00
3675 1462440.00
3676 1460499.00
3677 1458778.00
3678 1458702.00
3679 1459686.00
3680 1457961.00
3681 1456996.00
3682 1578325.00
3683 1576382.00
3684 1575113.00
3685 1573453.00
3686 1571658.00
3687 1571057.00
3688 1569389.00
3689 1569108.00
3690 1567248.00
3691 1566216.00
3692 1565371.00
3693 1564202.00
3694 1563224.00
3695 1568406.00
3696 1567439.00
3697 1565458.00
3698 1565008.00
3699 1563039.00
3700 1561189.00
3701 1561026.00
3702 1559221.00
3703 1561003.00
3704 1559728.00
3705 1565135.00
3706 1564914.00
3708 1554459.00
3709 1552959.00
3710 1551986.00
3711 1554496.00
3713 1545818.00
3714 1543819.00
3715 1541889.00
3716 1541422.00
3717 1539628.00
3718 1538345.00
3719 1536824.00
3720 1544424.00
3721 1543774.00
3722 1546272.00
3723 1544464.00
3724 1547712.00
3725 1546219.00
3726 1545455.00
3727 1544196.00
3728 1542482.00
3729 1542192.00
3730 1547241.00
3731 1546898.00
3732 1787274.00
3733 1785557.00
3734 1784704.00
3735 1784075.00
3736 1782146.00
3737 1781101.00
3738 1779426.00
3739 1777676.00
3740 1851765.00
3741 1849876.00
3743 1849654.00
3744 1848102.00
3745 1846079.00
3746 1844643.00
3747 1842640.00
3748 1840892.00
3749 1839330.00
3751 1827685.00
3753 1817385.00
3754 1817728.00
3755 1815917.00
3756 1814481.00
3757 1812303.00
3758 1812240.00
3759 1811305.00
3760 1809635.00
3761 1808818.00
3762 1807210.00
3763 1805548.00
3764 1803735.00
3765 1802998.00
3766 1802124.00
3767 1800337.00
3768 1799027.00
3769 1797505.00
3770 1795529.00
3771 1794296.00
3772 1792845.00
3773 1791371.00
3774 1789321.00
3775 1788105.00
3776 1789606.00
3777 1788333.00
3778 1787319.00
3779 1786559.00
3780 1798879.00
3781 1798371.00
3782 1798115.00
3783 1797880.00
3784 1796883.00
3785 1797867.00
3786 1797108.00
3787 1795367.00
3788 1795602.00
3789 1794118.00
3790 1792845.00
3791 1791609.00
3792 1789869.00
3793 1788423.00
3794 1786696.00
3795 1784743.00
3796 1784676.00
3797 1786169.00
3798 1784426.00
3799 1782866.00
3800 1781360.00
3801 1782626.00
3802 1781668.00
3803 1784147.00
3804 1785401.00
3805 1783315.00
3806 1782610.00
3807 1780624.00
3808 1781349.00
3809 1779440.00
3810 1777608.00
3811 1776169.00
3812 1774389.00
3813 1772485.00
3814 1772654.00
3815 1770970.00
3816 1771255.00
3817 1770718.00
3818 1770872.00
3819 1769397.00
3820 1767435.00
3821 1765670.00
3822 1764710.00
3831 1682351.00
3832 1680351.00
3833 1679122.00
3834 1677184.00
3835 1678874.00
3836 1677457.00
3838 1671725.00
3839 1669991.00
3840 1668306.00
3841 1667253.00
3843 1657888.00
3844 1658375.00
3845 1657132.00
3846 1659317.00
3847 1657883.00
3848 1656353.00
3849 1656409.00
3850 1655365.00
3851 1653863.00
3852 1652569.00
3853 1651863.00
3854 1650835.00
3855 1649833.00
3856 1650102.00
3857 1651898.00
3858 1650331.00
3859 1648609.00
3860 1646812.00
3861 1648094.00
3862 1647410.00
3863 1645640.00
3864 1643839.00
3865 1642138.00
3866 1641013.00
3867 1639415.00
3868 1638897.00
3869 1638605.00
3870 1636861.00
3871 1637722.00
3872 1635742.00
3873 1633958.00
3874 1632472.00
3875 1630621.00
3876 1629204.00
3877 1627439.00
3878 1625698.00
3879 1624196.00
3880 1622242.00
3881 1625747.00
3902 1421709.00
3903 1420240.00
3904 1418478.00
3905 1416794.00
3906 1416196.00
3907 1414173.00
3908 1412307.00
3909 1410443.00
3910 1408862.00
3917 1347467.00
3918 1346079.00
3919 1344143.00
3920 1348063.00
3921 1346325.00
3922 1344554.00
3923 1342565.00
3924 1341252.00
3925 1339273.00
3926 1337705.00
3927 1335886.00
3928 1334013.00
3929 1332276.00
3930 1330814.00
3931 1329609.00
3932 1328817.00
3933 1327152.00
3934 1325128.00
3935 1324895.00
3936 1322872.00
3937 1322814.00
3938 1320637.00
3939 1320172.00
3940 1318599.00
3941 1316722.00
3942 1315706.00
3943 1317106.00
3944 1314929.00
3945 1313407.00
3946 1312928.00
3947 1438032.00
3948 1436563.00
3949 1434771.00
3950 1438833.00
3951 1437037.00
3952 1435500.00
3953 1433548.00
3954 1433343.00
3955 1431580.00
3956 1430124.00
3957 1428418.00
3958 1426460.00
3959 1425680.00
3960 1424366.00
3961 1423627.00
3962 1421879.00
3963 1420298.00
3964 1418676.00
3965 1417280.00
3966 1415964.00
3967 1414494.00
3968 1412730.00
3969 1411715.00
3970 1414936.00
3971 1412956.00
3972 1411459.00
3973 1409738.00
3974 1408802.00
3975 1406868.00
3976 1405578.00
3977 1403508.00
3978 1403458.00
3979 1401469.00
3980 1399816.00
3981 1397860.00
3982 1396704.00
3983 1394665.00
3984 1393642.00
3985 1392743.00
3986 1391237.00
3987 1389142.00
3988 1387366.00
3989 1385864.00
3990 1384124.00
3991 1382229.00
3992 1380807.00
3993 1378724.00
3994 1381407.00
3995 1380635.00
3996 1385676.00
3997 1386416.00
3998 1385393.00
3999 1392173.00
