4000
0 96996.00
1 100620.00
2 105263.00
3 110757.00
4 114244.00
5 118656.00
6 122955.00
7 127294.00
8 130625.00
9 137673.00
10 143713.00
11 149418.00
12 154951.00
13 298448.00
14 305420.00
15 309166.00
16 338316.00
17 341540.00
18 345198.00
19 348692.00
20 353699.00
21 357235.00
22 360347.00
23 364147.00
24 367127.00
25 372443.00
26 376965.00
27 387188.00
28 395867.00
29 400910.00
30 404712.00
31 408505.00
32 414505.00
33 419271.00
34 444064.00
35 450988.00
36 471133.00
37 476112.00
38 486070.00
39 494595.00
40 497809.00
41 501316.00
42 504599.00
43 511148.00
44 516424.00
45 524664.00
46 533654.00
47 540591.00
48 543887.00
49 547417.00
50 550983.00
51 554773.00
52 557827.00
53 570769.00
54 577577.00
55 584229.00
56 588307.00
57 595303.00
58 598558.00
59 607300.00
60 612573.00
61 632717.00
62 638845.00
63 643361.00
64 648374.00
65 654449.00
66 658303.00
67 661766.00
68 665076.00
69 668388.00
70 672655.00
71 676693.00
72 681434.00
73 686803.00
74 689768.00
75 694806.00
76 699800.00
77 703355.00
78 706890.00
79 710239.00
80 714423.00
81 718969.00
82 725332.00
83 731759.00
84 737771.00
85 741804.00
86 746400.00
87 749920.00
88 753936.00
89 759442.00
90 764467.00
91 767539.00
92 773094.00
93 801021.00
94 804188.00
95 810114.00
96 813063.00
97 817911.00
98 823169.00
99 827206.00
100 832028.00
101 836235.00
102 840813.00
103 844357.00
104 848628.00
105 889926.00
106 894608.00
107 899669.00
108 905642.00
109 912116.00
110 915630.00
111 919026.00
112 922161.00
113 927155.00
114 933583.00
115 937617.00
116 941140.00
117 944202.00
118 948483.00
119 955484.00
120 959748.00
121 982345.00
122 988777.00
123 1023127.00
124 1030380.00
125 1035937.00
126 1039935.00
127 1043916.00
128 1049266.00
129 1068132.00
130 1073484.00
131 1078333.00
132 1084482.00
133 1087491.00
134 1092976.00
135 1101387.00
136 1106376.00
137 1112569.00
138 1129166.00
139 1155430.00
140 1163247.00
141 1171160.00
142 1177539.00
143 1191716.00
144 1196396.00
145 1199954.00
146 1205356.00
147 1212083.00
148 1221167.00
149 1239603.00
150 1243879.00
151 1247779.00
152 1252712.00
153 1255895.00
154 1260341.00
155 1264285.00
156 1267717.00
157 1270668.00
158 1275750.00
159 1283289.00
160 1289398.00
161 1296623.00
162 1304575.00
163 1310508.00
164 1321188.00
165 1328370.00
166 1331589.00
167 1335552.00
168 1479210.00
169 1488786.00
170 1494186.00
171 1501129.00
172 1507180.00
173 1511388.00
174 1514876.00
175 1518927.00
176 1522198.00
177 1525177.00
178 1529267.00
179 1533823.00
180 1538441.00
181 1542110.00
182 1546052.00
183 1552478.00
184 1557196.00
185 1569237.00
186 1573382.00
187 1578425.00
188 1582047.00
189 1586738.00
190 1590781.00
191 1597050.00
192 1634878.00
193 1641550.00
194 1647841.00
195 1687076.00
196 1691780.00
197 1694671.00
198 1699733.00
199 1705057.00
200 1708055.00
201 1713554.00
202 1717487.00
203 1723560.00
204 1728225.00
205 1733778.00
206 1740500.00
207 1746213.00
208 1749682.00
209 1753074.00
210 1756878.00
211 1769445.00
212 1777104.00
213 1784248.00
214 1792689.00
215 1799120.00
216 1804781.00
217 1813359.00
218 1830710.00
219 1840021.00
220 1843705.00
221 1848514.00
222 1853263.00
223 1862824.00
224 1867637.00
225 1871874.00
226 1875577.00
227 1881216.00
228 1885191.00
229 1888875.00
230 1892277.00
231 1895855.00
232 1905611.00
233 1918663.00
234 1927399.00
235 1934139.00
236 1938394.00
238 1941582.00
240 1939928.00
244 1928849.00
246 1928274.00
248 1928660.00
250 1927695.00
251 1934190.00
253 1933789.00
262 1931711.00
264 1930548.00
266 1931406.00
267 1935734.00
268 1941911.00
269 1948181.00
270 1954394.00
272 1954538.00
274 1953662.00
275 1961120.00
277 1961245.00
278 1978392.00
280 1977469.00
281 1981193.00
285 1971376.00
286 1977885.00
289 1970906.00
298 1935267.00
306 1903740.00
308 1908582.00
309 1913542.00
311 1915889.00
312 1919644.00
314 1919984.00
321 1896295.00
322 1900317.00
323 1906837.00
325 1908188.00
327 1909759.00
329 1910443.00
331 1919914.00
332 1924510.00
333 1928746.00
335 1928190.00
338 1922666.00
342 1912296.00
344 1910139.00
345 1913444.00
346 1919164.00
347 1923713.00
348 1928178.00
350 1928249.00
351 1931971.00
353 1933868.00
355 1934287.00
356 1940029.00
357 1944485.00
358 1948508.00
359 1959238.00
361 1960035.00
363 1960411.00
365 1961551.00
366 1966769.00
367 1973116.00
374 1947287.00
376 1947723.00
378 1948476.00
379 1952914.00
380 1958646.00
381 1963941.00
382 1968908.00
383 1975406.00
384 1978592.00
385 2128100.00
387 2128728.00
389 2129842.00
390 2135878.00
393 2136517.00
398 2124388.00
400 2124440.00
401 2129436.00
402 2138433.00
405 2133554.00
408 2134052.00
409 2137013.00
440 1993035.00
443 1986869.00
445 1985460.00
448 1987047.00
449 1994562.00
450 2002227.00
451 2011220.00
453 2011380.00
455 2013022.00
457 2013850.00
458 2022306.00
459 2035164.00
460 2042617.00
462 2041512.00
464 2043947.00
466 2047246.00
467 2052695.00
468 2059526.00
469 2067333.00
470 2073334.00
472 2072470.00
473 2079972.00
474 2086398.00
475 2090878.00
476 2096613.00
477 2101588.00
478 2108074.00
479 2114127.00
480 2119250.00
482 2151633.00
484 2174718.00
486 2173899.00
495 2137537.00
508 2084709.00
510 2085647.00
512 2086182.00
513 2091345.00
514 2096204.00
515 2101034.00
517 2101537.00
521 2093315.00
522 2096450.00
523 2100230.00
525 2098307.00
527 2096836.00
530 2095818.00
532 2098244.00
533 2101814.00
535 2101049.00
538 2095216.00
543 2081620.00
544 2086534.00
545 2090558.00
548 2087346.00
550 2086868.00
552 2087788.00
559 2066769.00
562 2059801.00
564 2058002.00
566 2061985.00
568 2061089.00
569 2066793.00
570 2071407.00
572 2077655.00
574 2078062.00
576 2079905.00
578 2077842.00
580 2076491.00
582 2076894.00
585 2079161.00
588 2075279.00
591 2070194.00
594 2064486.00
596 2063507.00
598 2064049.00
599 2067827.00
601 2069747.00
602 2074983.00
603 2080461.00
604 2083976.00
606 2082339.00
608 2082997.00
610 2081630.00
611 2088063.00
612 2091982.00
614 2091533.00
623 2055679.00
625 2056516.00
627 2055672.00
631 2046092.00
633 2044688.00
637 2034490.00
642 2019734.00
644 2019117.00
648 2006792.00
650 2006129.00
652 2006754.00
654 2007377.00
656 2009830.00
658 2018304.00
659 2024222.00
660 2028234.00
662 2027930.00
663 2031159.00
664 2035151.00
666 2033214.00
667 2037105.00
673 2022836.00
674 2028269.00
675 2035159.00
681 2016121.00
682 2020850.00
684 2019747.00
686 2019421.00
688 2018589.00
690 2017607.00
692 2017288.00
693 2024263.00
695 2036301.00
696 2042726.00
697 2047882.00
698 2052694.00
699 2056963.00
702 2051805.00
704 2051341.00
706 2052951.00
708 2052067.00
710 2050970.00
712 2049559.00
714 2047502.00
716 2045567.00
718 2043704.00
720 2044125.00
722 2061347.00
725 2054030.00
727 2058891.00
729 2057694.00
732 2050497.00
734 2049897.00
736 2047839.00
737 2051827.00
738 2058316.00
740 2059428.00
742 2059308.00
744 2059573.00
746 2061580.00
750 2051894.00
752 2051577.00
754 2050995.00
784 1912952.00
786 1913056.00
789 1910855.00
791 1908940.00
792 1912490.00
793 1917296.00
794 1921796.00
795 1930946.00
797 1929875.00
799 1929226.00
801 1928134.00
803 1929970.00
804 1938950.00
805 1943135.00
808 1936267.00
810 1934296.00
811 1939817.00
813 1938456.00
815 1938431.00
816 1941796.00
820 2066008.00
822 2064551.00
825 2058800.00
828 2070450.00
830 2068549.00
832 2066666.00
834 2064733.00
837 2057524.00
840 2052532.00
843 2045647.00
844 2050355.00
852 2020798.00
854 2019709.00
856 2017876.00
860 2012476.00
869 1982726.00
871 1982163.00
873 1980437.00
876 1973382.00
892 1902968.00
894 1901813.00
896 1901887.00
897 1908068.00
899 1910289.00
901 1911087.00
902 1915210.00
903 1919019.00
905 1918602.00
907 1917849.00
909 1918185.00
911 1916752.00
912 1944572.00
913 1947488.00
915 1947618.00
919 1942795.00
920 1946447.00
921 1949748.00
922 1954699.00
923 1960046.00
924 1964204.00
925 1968676.00
927 1968819.00
929 1966908.00
931 1967050.00
932 1971147.00
933 1977327.00
934 1979119.00
935 1982925.00
937 1982063.00
939 1982967.00
941 1985266.00
944 1983497.00
945 1987963.00
946 1993963.00
950 2013750.00
952 2012008.00
954 2012940.00
956 2011123.00
958 2010226.00
961 2003731.00
964 2000049.00
966 2000137.00
968 1998361.00
969 2003509.00
971 2003166.00
973 2004292.00
975 2002900.00
976 2007917.00
977 2011921.00
978 2015204.00
981 2011019.00
983 2011605.00
985 2045936.00
987 2045872.00
988 2050835.00
989 2062764.00
991 2060897.00
993 2059554.00
995 2061507.00
996 2064982.00
998 2066573.00
1000 2065912.00
1002 2065798.00
1004 2064996.00
1006 2063682.00
1008 2062244.00
1010 2060149.00
1012 2061459.00
1013 2064523.00
1014 2069480.00
1016 2068429.00
1018 2069312.00
1019 2077105.00
1020 2080870.00
1022 2080592.00
1024 2080012.00
1025 2084250.00
1026 2088888.00
1028 2097017.00
1030 2100599.00
1036 2082478.00
1040 2073423.00
1042 2071332.00
1043 2077042.00
1045 2077397.00
1047 2077143.00
1048 2080792.00
1049 2085019.00
1050 2088297.00
1052 2088377.00
1054 2087326.00
1056 2088963.00
1057 2094867.00
1058 2099145.00
1060 2102221.00
1062 2101377.00
1064 2100802.00
1066 2100673.00
1068 2100327.00
1072 2089815.00
1076 2083078.00
1079 2127526.00
1081 2129717.00
1083 2129164.00
1084 2132433.00
1085 2135458.00
1086 2141430.00
1088 2140121.00
1091 2134087.00
1092 2139615.00
1094 2141449.00
1098 2132372.00
1099 2137863.00
1101 2136905.00
1103 2136037.00
1108 2122328.00
1110 2121434.00
1111 2126169.00
1113 2124357.00
1115 2124199.00
1116 2127273.00
1118 2125224.00
1120 2124311.00
1121 2136777.00
1122 2143810.00
1124 2149223.00
1128 2141891.00
1130 2141494.00
1132 2139849.00
1133 2148541.00
1136 2148255.00
1138 2146675.00
1143 2131240.00
1146 2127534.00
1147 2131257.00
1149 2129369.00
1151 2265706.00
1156 2265276.00
1157 3219570.00
1158 3223395.00
1159 3226685.00
1161 3224871.00
1164 3218213.00
1166 3219969.00
1168 3218591.00
1170 3216577.00
1171 3219795.00
1174 3212592.00
1175 3216127.00
1177 3214401.00
1179 3212812.00
1207 3077851.00
1209 3080213.00
1211 3080140.00
1212 3084372.00
1216 3074185.00
1218 3074208.00
1219 3078341.00
1221 3077148.00
1226 3082358.00
1228 3085431.00
1229 3090173.00
1230 3094740.00
1234 3086359.00
1238 3092730.00
1239 3099945.00
1240 3105592.00
1241 3113072.00
1242 3116712.00
1243 3121832.00
1245 3123849.00
1246 3129834.00
1247 3135794.00
1249 3133674.00
1251 3133412.00
1252 3140175.00
1253 3145389.00
1258 3134140.00
1260 3134397.00
1261 3138433.00
1263 3138850.00
1265 3138560.00
1267 3136875.00
1269 3135245.00
1275 3117061.00
1277 3120616.00
1279 3122381.00
1282 3120727.00
1284 3119771.00
1285 3126580.00
1287 3126647.00
1289 3126444.00
1291 3125399.00
1293 3126827.00
1301 3103811.00
1304 3101858.00
1306 3099895.00
1308 3098002.00
1310 3098454.00
1312 3097434.00
1317 3082746.00
1319 3083781.00
1320 3226494.00
1327 3200437.00
1331 3192019.00
1332 3196282.00
1338 3176726.00
1342 3169452.00
1344 3168002.00
1346 3166642.00
1348 3165540.00
1350 3164401.00
1352 3163404.00
1355 3157110.00
1356 3161090.00
1357 3166385.00
1360 3159421.00
1368 3127183.00
1370 3125051.00
1372 3123233.00
1376 3111178.00
1377 3115393.00
1381 3105074.00
1383 3104034.00
1385 3103320.00
1387 3101853.00
1389 3101104.00
1393 3096301.00
1394 3100252.00
1398 3090417.00
1402 3080809.00
1406 3079389.00
1408 3079267.00
1410 3077926.00
1412 3075985.00
1414 3074447.00
1418 3063409.00
1421 3056665.00
1424 3052184.00
1425 3056180.00
1426 3060254.00
1427 3065705.00
1429 3064407.00
1430 3069358.00
1432 3069448.00
1434 3067900.00
1436 3066079.00
1438 3064956.00
1440 3062877.00
1442 3062760.00
1444 3060689.00
1445 3065695.00
1446 3074389.00
1448 3072786.00
1452 3063726.00
1454 3061825.00
1456 3059792.00
1458 3058897.00
1459 3063629.00
1460 3066861.00
1462 3066568.00
1464 3067412.00
1481 2990172.00
1488 2965993.00
1491 2961976.00
1494 2956549.00
1496 2954744.00
1497 2958841.00
1498 2963722.00
1500 2962538.00
1502 2960392.00
1508 2944051.00
1510 2944116.00
1512 2945307.00
1517 2931121.00
1522 2926074.00
1524 2923835.00
1527 2917205.00
1528 2920482.00
1530 2920320.00
1534 2909527.00
1536 2908434.00
1537 2912388.00
1539 2911375.00
1541 2910252.00
1543 2910305.00
1545 2910234.00
1547 2908160.00
1549 2906857.00
1577 2775189.00
1580 2770506.00
1582 2769633.00
1770 1819661.00
1773 1814926.00
1775 1813996.00
1777 1812750.00
1779 1810875.00
1781 1811750.00
1782 1816073.00
1784 1815640.00
1786 1814473.00
1787 1819478.00
1789 1826995.00
1791 1825626.00
1792 1832631.00
1795 1827862.00
1797 1826068.00
1799 1825492.00
1800 1828515.00
1804 1818622.00
1806 1818282.00
1809 1814372.00
1810 1819594.00
1812 1820674.00
1813 1824207.00
1815 1822385.00
1817 1821768.00
1819 1821385.00
1820 1824657.00
1821 1828699.00
1823 1827613.00
1824 1831608.00
1825 1835718.00
1826 1839614.00
1829 1832843.00
1831 1831973.00
1833 1830792.00
1835 1829860.00
1837 1831401.00
1839 1830190.00
1844 1959628.00
1845 1965825.00
1847 1965362.00
1851 1955274.00
1852 1959530.00
1854 1958383.00
1856 1958393.00
1858 1956566.00
1862 1946375.00
1864 1944270.00
1868 1934693.00
1873 1918263.00
1877 1913895.00
1882 1897903.00
1884 1896580.00
1888 1886009.00
1889 1890496.00
1890 1893984.00
1891 1898484.00
1894 1896748.00
1897 1893446.00
1899 1891604.00
1901 1895441.00
1903 1896097.00
1936 1739295.00
1940 1730944.00
1941 1738064.00
1942 1743863.00
1943 1753331.00
1944 1759576.00
1947 1755050.00
1949 1757243.00
1950 1760119.00
1952 1759290.00
1954 1757942.00
1956 1758105.00
1958 1756343.00
1960 1755573.00
1961 1759133.00
1963 1761992.00
1966 1757023.00
1968 1756725.00
1970 1757704.00
1972 1755885.00
1973 1815067.00
1975 1822168.00
1977 1823569.00
1979 1847950.00
1980 1853012.00
1982 1853902.00
1984 1852861.00
1986 1857381.00
1988 1856521.00
1989 1862687.00
1990 1865732.00
1992 1864622.00
1994 1863047.00
1995 1866364.00
1997 1864990.00
1999 1864137.00
2000 1870153.00
2002 1868060.00
2003 1873012.00
2004 1877502.00
2006 1875925.00
2008 1873841.00
2010 1872031.00
2012 1870897.00
2014 1870817.00
2017 1864558.00
2019 1864496.00
2022 1862110.00
2024 1862116.00
2026 1862776.00
2028 1862153.00
2031 1858664.00
2032 1869059.00
2033 1872656.00
2034 1876017.00
2036 1893235.00
2038 1890921.00
2040 1889548.00
2042 1887489.00
2043 1891001.00
2045 1888920.00
2046 1893911.00
2047 1897002.00
2048 1900332.00
2049 1906362.00
2050 1910339.00
2051 1923195.00
2052 1927313.00
2053 1933521.00
2057 1963058.00
2059 1961536.00
2061 1959944.00
2063 1958127.00
2064 1961410.00
2065 1965851.00
2067 1963895.00
2069 1962653.00
2071 1961084.00
2072 1964333.00
2078 1951707.00
2079 1957200.00
2081 1955551.00
2083 1954445.00
2084 1962433.00
2085 1965914.00
2086 1968938.00
2088 1968849.00
2090 1966717.00
2092 1967253.00
2094 1969644.00
2098 1959493.00
2099 1962953.00
2101 1964089.00
2105 1953015.00
2107 1952859.00
2109 1951434.00
2111 1952813.00
2113 1950710.00
2116 1945523.00
2118 1943696.00
2120 1943646.00
2122 1943533.00
2126 1941700.00
2129 1934378.00
2136 1909736.00
2141 1894350.00
2143 1896636.00
2145 1896490.00
2147 1895610.00
2149 1894722.00
2151 1892614.00
2153 1892548.00
2155 1892198.00
2156 1896655.00
2158 1896553.00
2160 1894491.00
2162 1893109.00
2165 1886925.00
2167 1888281.00
2171 1878625.00
2172 1881905.00
2174 1880825.00
2176 1879759.00
2178 1888818.00
2210 1735649.00
2215 1721196.00
2216 1725227.00
2217 1728226.00
2218 1731487.00
2219 1735023.00
2220 1739492.00
2222 1738662.00
2224 1740791.00
2228 1731566.00
2230 1731247.00
2231 1736721.00
2233 1735856.00
2234 1739916.00
2235 1743935.00
2236 1747475.00
2238 1746453.00
2239 1750418.00
2240 1753582.00
2242 1753481.00
2245 1748494.00
2246 1753341.00
2247 1758740.00
2248 1762743.00
2249 1765735.00
2250 1769294.00
2252 1768652.00
2255 1762791.00
2257 1762380.00
2258 1765611.00
2259 1769860.00
2260 1774096.00
2261 1778953.00
2264 1773161.00
2266 1773032.00
2271 1765950.00
2273 1774027.00
2277 1763714.00
2279 1763023.00
2281 1767980.00
2283 1767528.00
2285 1766286.00
2286 1769544.00
2288 1769171.00
2291 1764456.00
2295 1754163.00
2296 1757696.00
2311 1693110.00
2314 1687096.00
2317 1681168.00
2324 1654285.00
2326 1652447.00
2330 1649582.00
2332 1649392.00
2334 1647856.00
2336 1648179.00
2338 1654578.00
2340 1653179.00
2342 1767088.00
2345 1760723.00
2347 1762968.00
2350 1756665.00
2352 1755639.00
2354 1753534.00
2356 1753580.00
2358 1751415.00
2359 1754890.00
2361 1769932.00
2363 1768043.00
2364 1772125.00
2365 1775715.00
2367 1773507.00
2368 1776677.00
2369 1781897.00
2371 1780343.00
2373 1781403.00
2375 1781372.00
2378 1775546.00
2382 1766284.00
2384 1765746.00
2389 1748722.00
2391 1747609.00
2394 1741975.00
2396 1742012.00
2398 1740981.00
2401 1735274.00
2403 1733470.00
2404 1737463.00
2405 1742868.00
2407 1741004.00
2410 1733994.00
2412 1733185.00
2413 1737202.00
2414 1741175.00
2415 1744870.00
2416 1747731.00
2424 1715323.00
2426 1716637.00
2427 1720440.00
2429 1720264.00
2431 1719892.00
2434 1716119.00
2436 1714062.00
2438 1712697.00
2439 1715879.00
2440 1721867.00
2441 1725150.00
2443 1723047.00
2445 1722918.00
2447 1720943.00
2448 1724564.00
2451 1718091.00
2454 1713348.00
2456 1711306.00
2458 1709870.00
2460 1709709.00
2461 1715342.00
2462 1718958.00
2464 1718057.00
2466 1718578.00
2468 1717799.00
2470 1717942.00
2472 1717750.00
2474 1715933.00
2476 1718624.00
2478 1717900.00
2480 1716899.00
2481 1720179.00
2483 1718603.00
2485 1716681.00
2487 1715694.00
2490 1709364.00
2491 1712706.00
2492 1717100.00
2493 1721677.00
2495 1720316.00
2496 1725950.00
2497 1730849.00
2499 1732669.00
2501 1732201.00
2503 1731338.00
2504 1736755.00
2508 1728429.00
2510 1727768.00
2512 1726140.00
2515 1720822.00
2517 1719559.00
2519 1717679.00
2520 1721091.00
2523 1715153.00
2525 1713763.00
2527 1711903.00
2528 1715230.00
2531 1858117.00
2532 1861848.00
2533 1868419.00
2535 1866730.00
2536 1871368.00
2538 1869566.00
2540 1868247.00
2541 1870979.00
2543 1869307.00
2545 1867246.00
2548 1870216.00
2550 1870251.00
2552 1869779.00
2553 1872967.00
2554 1875957.00
2555 1879201.00
2557 1878463.00
2559 1876941.00
2561 1876847.00
2563 1875850.00
2564 1879839.00
2566 1880432.00
2568 1881543.00
2570 1880750.00
2572 1879293.00
2574 1877236.00
2576 1875542.00
2577 1878680.00
2579 1877801.00
2581 1877023.00
2583 1875911.00
2585 1875074.00
2586 1879755.00
2587 1885390.00
2590 1898632.00
2592 1897313.00
2593 1902539.00
2594 1907143.00
2600 1899586.00
2601 1905227.00
2603 1904980.00
2604 1908078.00
2605 2035117.00
2607 2033990.00
2610 2030079.00
2612 2028483.00
2614 2026505.00
2615 2029616.00
2617 2028806.00
2619 2028525.00
2620 2032399.00
2621 2037252.00
2622 2040005.00
2623 2045128.00
2627 2035635.00
2629 2035949.00
2632 2036077.00
2633 2039228.00
2636 2032506.00
2637 2036929.00
2638 2043627.00
2639 2047282.00
2641 2047287.00
2646 2032421.00
2671 1913031.00
2672 1917989.00
2673 1924002.00
2675 1931429.00
2677 1929264.00
2678 1933484.00
2684 1913080.00
2690 1891243.00
2692 1889293.00
2695 1883388.00
2701 1875973.00
2702 1881029.00
2705 1875416.00
2706 1879577.00
2708 1879869.00
2709 1883770.00
2711 1883342.00
2712 1887847.00
2714 1885775.00
2716 1883968.00
2718 1885010.00
2720 1884649.00
2722 1903453.00
2723 1907593.00
2729 1888186.00
2731 1888530.00
2732 1895722.00
2734 1894124.00
2736 1891916.00
2738 1892370.00
2739 1895819.00
2745 1876056.00
2748 1872058.00
2749 1877071.00
2751 1877498.00
2753 1877123.00
2754 1882008.00
2756 1880601.00
2758 1881210.00
2759 1888550.00
2760 1892219.00
2761 1897340.00
2763 1896050.00
2765 1896447.00
2768 1890402.00
2770 1888986.00
2771 1892736.00
2772 1896375.00
2775 1891122.00
2777 1889857.00
2779 1890342.00
2781 1891795.00
2783 1890561.00
2785 1888910.00
2787 1887816.00
2788 1892229.00
2789 1896241.00
2791 1896924.00
2793 1897103.00
2794 1902048.00
2795 1906474.00
2797 1905426.00
2798 1910345.00
2800 1909448.00
2802 1909353.00
2804 1908981.00
2806 1908433.00
2807 1911931.00
2809 1910282.00
2811 1910937.00
2813 1912238.00
2815 1910495.00
2817 1908115.00
2819 1906475.00
2821 1905874.00
2823 1905317.00
2825 1905693.00
2827 1904600.00
2829 1904439.00
2831 1903858.00
2833 1903725.00
2834 1906774.00
2835 1910786.00
2836 1914798.00
2838 1914663.00
2841 1909950.00
2878 1742222.00
2879 1745946.00
2880 1750945.00
2883 1745471.00
2885 1745114.00
2887 1743305.00
2888 1746553.00
2890 1745659.00
2893 1739163.00
2895 1738319.00
2897 1736397.00
2898 1741765.00
2899 1745042.00
2900 1748295.00
2901 1751348.00
2902 1757284.00
2904 1756701.00
2906 1756619.00
2907 1762304.00
2909 1762390.00
2911 1762272.00
2915 1751925.00
2917 1752839.00
2919 1751994.00
2921 1751673.00
2923 1750597.00
2924 1753554.00
2928 1742923.00
2929 1745886.00
2931 1744070.00
2933 1743527.00
2935 1741626.00
2937 1739473.00
2939 1738155.00
2942 1735583.00
2944 1731631.00
2946 1729768.00
2948 1728652.00
2950 1726946.00
2952 1726639.00
2953 1730558.00
2954 1735607.00
2955 1739766.00
2957 1738385.00
2959 1738250.00
2960 1743021.00
2986 1620880.00
2990 1612205.00
2992 1610114.00
2995 1604218.00
2997 1604847.00
2999 1602719.00
3002 1597491.00
3004 1595420.00
3005 1600195.00
3006 1603707.00
3008 1603082.00
3010 1600998.00
3012 1600276.00
3013 1604044.00
3015 1603177.00
3017 1602373.00
3018 1606954.00
3024 1587275.00
3025 1590532.00
3027 1592396.00
3028 1597130.00
3030 1597405.00
3032 1598265.00
3033 1602970.00
3036 1596631.00
3037 1601381.00
3039 1600465.00
3040 1605469.00
3041 1610316.00
3042 1614431.00
3043 1618185.00
3044 1752636.00
3045 1758626.00
3046 1763458.00
3047 1767667.00
3049 1766832.00
3051 1766975.00
3053 1766835.00
3055 1764774.00
3059 1754514.00
3061 1753389.00
3063 1752283.00
3064 1755378.00
3070 1748246.00
3077 1721254.00
3079 1720654.00
3080 1724191.00
3081 1727286.00
3083 1726387.00
3086 1719966.00
3087 1725385.00
3091 1715268.00
3093 1713924.00
3094 1717672.00
3095 1723439.00
3096 1727259.00
3097 1730247.00
3099 1730103.00
3100 1734432.00
3101 1740038.00
3103 1739550.00
3111 1714483.00
3113 1714506.00
3117 1707746.00
3119 1722576.00
3121 1721737.00
3123 1720313.00
3124 1723856.00
3126 1724028.00
3128 1722147.00
3130 1724226.00
3134 1715773.00
3137 1710601.00
3139 1708785.00
3141 1709166.00
3143 1709521.00
3147 1697919.00
3149 1702792.00
3151 1703396.00
3153 1718094.00
3155 1719931.00
3157 1720149.00
3159 1723514.00
3160 1727545.00
3161 1730419.00
3162 1733956.00
3164 1733161.00
3166 1732398.00
3168 1734143.00
3169 1737120.00
3170 1741173.00
3173 1747661.00
3175 1745468.00
3177 1746484.00
3179 1746164.00
3181 1745029.00
3182 1749039.00
3185 1746086.00
3187 1745390.00
3188 1749622.00
3190 1756540.00
3192 1756557.00
3196 1749229.00
3197 1752805.00
3198 1757263.00
3199 1760893.00
3200 1765544.00
3202 1765701.00
3206 1755270.00
3207 1760553.00
3209 1758430.00
3211 1756622.00
3213 1755162.00
3214 1759421.00
3215 1764125.00
3216 1768127.00
3218 1766224.00
3222 1755949.00
3223 1765363.00
3225 1763958.00
3227 1763102.00
3229 1763224.00
3231 1763642.00
3239 1739530.00
3240 1743714.00
3241 1748987.00
3242 1754885.00
3243 1760152.00
3247 1748900.00
3248 1752606.00
3250 1750388.00
3252 1756086.00
3255 1751725.00
3256 1758192.00
3257 1765619.00
3259 1764810.00
3260 1770757.00
3262 1771446.00
3266 1762300.00
3267 1765246.00
3271 1754962.00
3273 1752855.00
3274 1756424.00
3276 1756510.00
3278 1758855.00
3280 1782722.00
3282 1782311.00
3286 1772962.00
3287 1780174.00
3288 1785685.00
3289 1789966.00
3290 1793795.00
3291 1797935.00
3296 1783839.00
3297 1787552.00
3298 1791748.00
3299 1795277.00
3300 1798281.00
3301 1802547.00
3303 1802684.00
3305 1802090.00
3306 1806688.00
3308 1804935.00
3310 1805106.00
3312 1804212.00
3313 1808022.00
3315 1806156.00
3316 1809854.00
3317 1813774.00
3318 1818430.00
3319 1823911.00
3320 1829520.00
3321 1834759.00
3323 1833853.00
3325 1832803.00
3326 1835705.00
3330 1824918.00
3331 1830608.00
3333 1829983.00
3337 1820344.00
3339 1821516.00
3341 1820160.00
3370 1683302.00
3372 1809669.00
3374 1809269.00
3376 1808161.00
3378 1808897.00
3380 1807674.00
3383 1802536.00
3384 1809971.00
3385 1814721.00
3387 1812788.00
3389 1812596.00
3390 1815866.00
3391 1819065.00
3392 1822733.00
3393 1826355.00
3395 1824407.00
3397 1823289.00
3398 1826551.00
3399 1829869.00
3400 1833060.00
3402 1833248.00
3405 1828541.00
3408 1821904.00
3409 1825853.00
3410 1829046.00
3411 1832996.00
3413 1832046.00
3415 1832857.00
3418 1827995.00
3420 1826983.00
3426 1807511.00
3427 1821326.00
3428 1831431.00
3429 1834691.00
3431 1833233.00
3432 1837140.00
3439 1811720.00
3440 1814747.00
3441 1819715.00
3444 1813526.00
3446 1813667.00
3448 1811570.00
3450 1811948.00
3451 1815744.00
3453 1814915.00
3454 1818161.00
3455 1822894.00
3456 1828862.00
3458 1826790.00
3460 1825188.00
3462 1874848.00
3465 1868384.00
3472 1841843.00
3473 1845526.00
3479 1838757.00
3481 1836885.00
3484 1835473.00
3486 1836017.00
3488 1835616.00
3490 1834728.00
3492 1832944.00
3494 1833045.00
3495 1837096.00
3498 1833066.00
3499 1836152.00
3504 1820510.00
3505 1823511.00
3507 1821581.00
3510 1819355.00
3511 1822614.00
3513 1820535.00
3517 1808917.00
3519 1809582.00
3520 1819970.00
3521 1823477.00
3523 1822701.00
3525 1822083.00
3526 1828155.00
3527 1831583.00
3528 1836997.00
3529 1840016.00
3530 1844412.00
3531 1851266.00
3532 1871499.00
3534 1872420.00
3538 1861624.00
3539 1865246.00
3541 1862983.00
3543 1862143.00
3547 1855181.00
3548 1865170.00
3549 1868713.00
3553 1857865.00
3555 1855765.00
3557 1856422.00
3559 1856771.00
3560 1873122.00
3562 1872005.00
3564 1870888.00
3566 1869834.00
3568 1875592.00
3570 1873746.00
3572 1875364.00
3574 1873683.00
3575 1876592.00
3577 1875006.00
3579 1874040.00
3580 1877213.00
3585 1861667.00
3587 1859843.00
3589 1859620.00
3592 1852548.00
3594 1852168.00
3595 1855308.00
3596 1858261.00
3597 1861752.00
3599 1859915.00
3603 1850936.00
3605 1850615.00
3612 1824129.00
3614 1824584.00
3616 1825843.00
3618 1823958.00
3620 1822166.00
3622 1821717.00
3624 1819927.00
3626 1817781.00
3627 1821707.00
3628 1825305.00
3630 1828182.00
3631 1832526.00
3633 1831807.00
3635 1830429.00
3637 1828452.00
3639 1826710.00
3641 1825916.00
3642 1829274.00
3644 1827875.00
3646 1826305.00
3651 1811506.00
3653 1809874.00
3655 1807608.00
3657 1806270.00
3659 1805411.00
3663 1796174.00
3668 1782939.00
3669 1786813.00
3670 1791450.00
3672 1792431.00
3674 1791273.00
3678 1780311.00
3680 1784575.00
3681 1791599.00
3682 1794798.00
3711 1657710.00
3713 1657001.00
3716 1651405.00
3717 1655394.00
3721 1645820.00
3727 1625027.00
3728 1628388.00
3730 1627166.00
3732 1631491.00
3733 1635275.00
3735 1633789.00
3737 1632089.00
3742 1618088.00
3744 1619561.00
3746 1620085.00
3747 1623337.00
3749 1624943.00
3751 1625304.00
3753 1624506.00
3754 1628302.00
3755 1632544.00
3757 1632393.00
3758 1635434.00
3760 1634545.00
3761 1638038.00
3763 1638223.00
3766 1631995.00
3769 1625005.00
3771 1623432.00
3773 1621543.00
3774 1624598.00
3775 1628130.00
3776 1657326.00
3780 1645989.00
3782 1646599.00
3783 1651582.00
3785 1652946.00
3787 1652382.00
3789 1652487.00
3791 1652343.00
3793 1650761.00
3795 1650650.00
3797 1650628.00
3798 1653597.00
3800 1662338.00
3812 1610395.00
3814 1609064.00
3815 1613337.00
3817 1612022.00
3818 1615306.00
3822 1605338.00
3823 1608687.00
3824 1613907.00
3826 1612508.00
3830 1601708.00
3832 1741223.00
3834 1740721.00
3836 1743334.00
3837 1746367.00
3840 1740611.00
3841 1743824.00
3843 1747442.00
3845 1747352.00
3846 1758275.00
3847 1761164.00
3849 1760355.00
3851 1758508.00
3852 1761731.00
3856 1750449.00
3859 1743827.00
3861 1742133.00
3867 1721772.00
3870 1719725.00
3874 1710986.00
3876 1710042.00
3881 1693883.00
3882 1698661.00
3883 1703474.00
3884 1707966.00
3885 1711391.00
3887 1710766.00
3888 1714230.00
3890 1713191.00
3891 1717305.00
3893 1716271.00
3896 1709595.00
3898 1711342.00
3899 1714575.00
3901 1712768.00
3903 1710480.00
3905 1713008.00
3908 1707661.00
3909 1712615.00
3911 1712429.00
3913 1710951.00
3915 1709062.00
3916 1713351.00
3918 1711591.00
3922 1718772.00
3925 1714788.00
3929 1703888.00
3930 1707151.00
3931 1710150.00
3936 1698067.00
3937 1710072.00
3938 1715444.00
3939 1718551.00
3941 1716978.00
3943 1715795.00
3944 1719994.00
3946 1720018.00
3948 1719273.00
3950 1718192.00
3952 1717824.00
3954 1718092.00
3956 1716684.00
3958 1715174.00
3959 1718864.00
3961 1717273.00
3963 1715317.00
3965 1713869.00
3966 1717243.00
3968 1715713.00
3971 1709897.00
3972 1713560.00
3974 1712604.00
3978 1701041.00
3979 1705460.00
3980 1708300.00
3981 1715821.00
3983 1714413.00
3985 1714361.00
3986 1718309.00
3987 1729588.00
3988 1734381.00
3990 1732463.00
3993 1726941.00
3995 1724964.00
3996 1727963.00
3997 1731480.00
3998 1737075.00
