4000
0 99049.00
1 98835.00
2 99575.00
3 98650.00
4 98912.00
5 98484.00
6 98374.00
7 98975.00
8 98688.00
9 99183.00
10 98769.00
11 98363.00
12 101020.00
13 100124.00
14 98813.00
15 117297.00
16 245800.00
17 235681.00
18 230930.00
19 219106.00
20 216736.00
21 207650.00
22 198096.00
23 183771.00
24 173768.00
25 167378.00
26 154410.00
27 142154.00
28 128945.00
29 115470.00
30 101497.00
31 98554.00
32 98942.00
33 98751.00
34 98524.00
35 98604.00
36 99079.00
37 98621.00
38 98582.00
39 98405.00
40 98479.00
41 159925.00
42 151514.00
43 145100.00
44 138057.00
45 135556.00
46 122867.00
47 116479.00
48 106520.00
49 120693.00
50 166901.00
51 217170.00
52 205829.00
53 193541.00
54 180756.00
55 176037.00
56 174401.00
57 163999.00
58 159109.00
59 156991.00
60 147861.00
61 143066.00
62 133736.00
63 120783.00
64 109028.00
65 110309.00
66 104457.00
67 98628.00
68 99176.00
69 99047.00
70 98947.00
71 99937.00
72 100480.00
73 105675.00
74 98260.00
75 98767.00
76 98863.00
77 101848.00
78 98637.00
79 98724.00
80 101404.00
81 98981.00
82 98832.00
83 98287.00
84 98559.00
85 98557.00
86 98368.00
87 98229.00
88 98395.00
89 98747.00
90 111457.00
91 106448.00
92 100379.00
93 98602.00
94 100159.00
95 98461.00
96 98918.00
97 98688.00
98 99202.00
99 101419.00
100 98250.00
101 100991.00
102 98848.00
103 98577.00
104 105082.00
105 99430.00
106 98468.00
107 98532.00
108 98550.00
109 99112.00
110 98587.00
111 98434.00
112 100771.00
113 98440.00
114 98836.00
115 98582.00
116 102826.00
117 98778.00
118 98512.00
119 98975.00
120 98673.00
121 98493.00
122 98526.00
123 99617.00
124 103636.00
125 98553.00
126 98954.00
127 99002.00
128 98854.00
129 98523.00
130 121532.00
131 133385.00
132 119536.00
133 107284.00
134 104113.00
135 98583.00
136 101023.00
137 98211.00
138 98243.00
139 98495.00
140 98315.00
141 98336.00
142 98210.00
143 98453.00
144 98280.00
145 99972.00
146 109178.00
147 97848.00
148 98616.00
149 104289.00
150 102847.00
151 104729.00
152 107609.00
153 101728.00
154 121195.00
155 114018.00
156 108715.00
157 103818.00
158 98653.00
159 218397.00
160 211314.00
161 200767.00
162 203246.00
163 194591.00
164 183818.00
165 172750.00
166 165889.00
167 155493.00
168 145810.00
169 133423.00
170 125672.00
171 117017.00
172 107617.00
173 98457.00
174 99447.00
175 98361.00
176 99120.00
177 112447.00
178 105868.00
179 104419.00
180 98307.00
181 99210.00
182 180218.00
183 173017.00
184 162465.00
185 148762.00
186 138351.00
187 130250.00
188 124701.00
189 114790.00
190 106974.00
191 108075.00
192 98319.00
193 98462.00
194 99527.00
195 98187.00
196 98495.00
197 103518.00
198 105011.00
199 231876.00
200 219000.00
201 213334.00
202 202513.00
203 193456.00
204 184797.00
205 179041.00
206 166251.00
207 166788.00
208 152464.00
209 142898.00
210 132123.00
211 121040.00
212 116868.00
213 105767.00
214 98434.00
215 98751.00
216 103232.00
217 98574.00
218 98376.00
219 98652.00
220 99182.00
221 99239.00
222 98472.00
223 99453.00
224 99288.00
225 120016.00
226 111916.00
227 103109.00
228 98459.00
229 120589.00
230 111035.00
231 103726.00
232 103750.00
233 98568.00
234 98166.00
235 99432.00
236 98239.00
237 98747.00
238 98768.00
239 98835.00
240 105800.00
241 98947.00
242 98598.00
243 99647.00
244 98442.00
245 98713.00
246 99036.00
247 99086.00
248 98750.00
249 98708.00
250 98961.00
251 101487.00
252 99331.00
253 99301.00
254 98611.00
255 98783.00
256 99806.00
257 99815.00
258 110762.00
259 101109.00
260 98684.00
261 98575.00
262 98859.00
263 98589.00
264 303701.00
265 310988.00
266 297449.00
267 287841.00
268 282281.00
269 273637.00
270 260844.00
271 250329.00
272 271779.00
273 279000.00
274 284706.00
275 274550.00
276 263493.00
277 256667.00
278 250540.00
279 244703.00
280 233143.00
281 223508.00
282 229768.00
283 215244.00
284 200909.00
285 188664.00
286 178662.00
287 199400.00
288 205845.00
289 199999.00
290 189655.00
291 193871.00
292 183265.00
293 169326.00
294 162657.00
295 149296.00
296 141883.00
297 132212.00
298 120478.00
299 111854.00
300 107740.00
301 179442.00
302 167834.00
303 159469.00
304 159835.00
305 145583.00
306 153461.00
307 139505.00
308 133777.00
309 132746.00
310 146154.00
311 204982.00
312 192518.00
313 207675.00
314 223247.00
315 223229.00
316 211173.00
317 200651.00
318 200722.00
319 215052.00
320 210496.00
321 229207.00
322 223302.00
323 215394.00
324 242301.00
325 239425.00
326 251538.00
327 268646.00
328 259954.00
329 419694.00
330 424335.00
331 460132.00
332 471723.00
333 458844.00
334 447901.00
335 459810.00
336 457396.00
337 450284.00
338 458922.00
339 459572.00
340 458729.00
341 455018.00
342 442896.00
343 431639.00
344 426302.00
345 417447.00
346 407119.00
347 397741.00
348 389607.00
349 396877.00
350 408998.00
351 402175.00
352 395175.00
353 396714.00
354 423003.00
355 417975.00
356 429437.00
357 456539.00
358 465631.00
359 454297.00
360 440008.00
361 443829.00
362 435684.00
363 431572.00
364 422418.00
365 416501.00
366 414377.00
367 401371.00
368 392251.00
369 392288.00
370 382098.00
371 377038.00
372 371130.00
373 360363.00
374 356187.00
375 350989.00
376 341422.00
377 329904.00
378 332117.00
379 325030.00
380 328017.00
381 317202.00
382 321003.00
383 308675.00
384 304471.00
385 298482.00
386 294843.00
387 286635.00
388 279735.00
389 275402.00
390 277618.00
391 278204.00
392 265362.00
393 282280.00
394 270063.00
395 265312.00
396 261655.00
397 255171.00
398 243881.00
399 250639.00
400 240107.00
401 232277.00
402 220718.00
403 211632.00
404 202833.00
405 194137.00
406 193724.00
407 204616.00
408 193278.00
409 182003.00
410 171462.00
411 162144.00
412 153198.00
413 160186.00
414 155685.00
415 150380.00
416 143308.00
417 141859.00
418 147978.00
419 140986.00
420 148316.00
421 141699.00
422 128234.00
423 115689.00
424 110506.00
425 112083.00
426 101424.00
427 99344.00
428 229443.00
429 230483.00
430 218141.00
431 216710.00
432 207656.00
433 204488.00
434 263159.00
435 259838.00
436 250834.00
437 248131.00
438 244274.00
439 244844.00
440 250048.00
441 246356.00
442 237566.00
443 243563.00
444 235180.00
445 223383.00
446 217723.00
447 207666.00
448 261883.00
449 283154.00
450 287314.00
451 276784.00
452 288398.00
453 284240.00
454 287460.00
455 280553.00
456 271524.00
457 266988.00
458 254733.00
459 241452.00
460 233829.00
461 227404.00
462 218773.00
463 210139.00
464 200578.00
465 194665.00
466 186130.00
467 177305.00
468 166514.00
469 156481.00
470 154010.00
471 151311.00
472 179591.00
473 170780.00
474 175262.00
475 170409.00
476 167164.00
477 154782.00
478 144713.00
479 134347.00
480 129263.00
481 119636.00
482 110706.00
483 104022.00
484 98619.00
485 103937.00
486 98422.00
487 98990.00
488 98955.00
489 98784.00
490 103965.00
491 107697.00
492 115582.00
493 119345.00
494 108240.00
495 98170.00
496 98510.00
497 98567.00
498 99020.00
499 100387.00
500 110447.00
501 101595.00
502 105895.00
503 103716.00
504 98719.00
505 99290.00
506 98600.00
507 98335.00
508 98413.00
509 99890.00
510 98560.00
511 103703.00
512 98989.00
513 99094.00
514 990250.00
515 980834.00
516 971702.00
517 970128.00
518 959754.00
519 946456.00
520 933454.00
521 925459.00
522 913736.00
523 915748.00
524 906692.00
525 899334.00
526 906535.00
527 895706.00
528 884136.00
529 873320.00
530 860596.00
531 1020923.00
532 1021474.00
533 1021007.00
534 1016313.00
535 1006971.00
536 999621.00
537 997181.00
538 989985.00
539 977376.00
540 968479.00
541 963324.00
542 957646.00
543 954107.00
544 957245.00
545 949367.00
546 944504.00
547 935370.00
548 924745.00
549 928126.00
550 915273.00
551 903436.00
552 889843.00
553 880183.00
554 870051.00
555 863683.00
556 857258.00
557 847697.00
558 842308.00
559 842887.00
560 837125.00
561 841179.00
562 833028.00
563 820286.00
564 810734.00
565 802322.00
566 801941.00
567 792301.00
568 836000.00
569 834332.00
570 823423.00
571 871381.00
572 948719.00
573 934138.00
574 923383.00
575 913060.00
576 910371.00
577 900041.00
578 892917.00
579 891577.00
580 879277.00
581 865461.00
582 864754.00
583 861300.00
584 850011.00
585 839195.00
586 829607.00
587 822481.00
588 812962.00
589 805077.00
590 802659.00
591 791111.00
592 777829.00
593 766000.00
594 753273.00
595 747874.00
596 738516.00
597 744750.00
598 748173.00
599 755404.00
600 743553.00
601 734951.00
602 723908.00
603 716265.00
604 706255.00
605 735087.00
606 724978.00
607 715610.00
608 711310.00
609 712221.00
610 700688.00
611 689597.00
612 677354.00
613 667175.00
614 658887.00
615 650284.00
616 642173.00
617 788130.00
618 787365.00
619 777607.00
620 775633.00
621 763649.00
622 751288.00
623 744004.00
624 731413.00
625 721122.00
626 715238.00
627 741463.00
628 771062.00
629 770854.00
630 779331.00
631 778989.00
632 765726.00
633 753508.00
634 741427.00
635 738077.00
636 724592.00
637 716446.00
638 706139.00
639 701675.00
640 702030.00
641 699278.00
642 707459.00
643 696604.00
644 687516.00
645 679643.00
646 677694.00
647 665891.00
648 657193.00
649 649061.00
650 640706.00
651 634075.00
652 630932.00
653 625493.00
654 615974.00
655 611286.00
656 609892.00
657 611186.00
658 608653.00
659 609425.00
660 602554.00
661 596521.00
662 585871.00
663 577160.00
664 574355.00
665 565603.00
666 560514.00
667 550913.00
668 552234.00
669 541442.00
670 535804.00
671 526508.00
672 521609.00
673 533978.00
674 528124.00
675 518705.00
676 510251.00
677 505222.00
678 494579.00
679 501800.00
680 488225.00
681 477744.00
682 472340.00
683 466184.00
684 458077.00
685 447264.00
686 439426.00
687 429779.00
688 429885.00
689 418528.00
690 415675.00
691 410294.00
692 399808.00
693 397225.00
694 386593.00
695 374578.00
696 363002.00
697 351670.00
698 339978.00
699 334284.00
700 331122.00
701 327142.00
702 320278.00
703 319105.00
704 312740.00
705 311508.00
706 329335.00
707 324860.00
708 312051.00
709 307760.00
710 296685.00
711 290325.00
712 284879.00
713 284084.00
714 273104.00
715 262224.00
716 251961.00
717 255983.00
718 243188.00
719 231366.00
720 224750.00
721 224594.00
722 214665.00
723 208286.00
724 201864.00
725 198504.00
726 196348.00
727 190748.00
728 187784.00
729 175120.00
730 168097.00
731 163349.00
732 155098.00
733 159576.00
734 152427.00
735 144129.00
736 138829.00
737 139512.00
738 129887.00
739 126799.00
740 114733.00
741 113479.00
742 100267.00
743 99791.00
744 98702.00
745 99122.00
746 98998.00
747 105415.00
748 103452.00
749 98778.00
750 99888.00
751 101608.00
752 99144.00
753 98630.00
754 98703.00
755 98728.00
756 98793.00
757 98539.00
758 98338.00
759 98826.00
760 98661.00
761 100488.00
762 155185.00
763 149742.00
764 155187.00
765 146854.00
766 145367.00
767 143461.00
768 130675.00
769 120862.00
770 113484.00
771 104902.00
772 99059.00
773 99079.00
774 103303.00
775 98563.00
776 99375.00
777 99194.00
778 101431.00
779 104991.00
780 103221.00
781 104959.00
782 98588.00
783 104986.00
784 233980.00
785 222785.00
786 213330.00
787 202779.00
788 194469.00
789 188801.00
790 191285.00
791 183706.00
792 169405.00
793 361265.00
794 348309.00
795 339739.00
796 328441.00
797 319604.00
798 313509.00
799 299253.00
800 292099.00
801 434312.00
802 431836.00
803 437721.00
804 439216.00
805 426197.00
806 434329.00
807 420081.00
808 419083.00
809 404659.00
810 394095.00
811 390902.00
812 382547.00
813 387101.00
814 391529.00
815 380927.00
816 371647.00
817 358573.00
818 348838.00
819 341404.00
820 337962.00
821 342135.00
822 330530.00
823 317258.00
824 316941.00
825 309278.00
826 295952.00
827 283628.00
828 273896.00
829 283006.00
830 273358.00
831 273262.00
832 269106.00
833 260267.00
834 253964.00
835 240867.00
836 228012.00
837 231750.00
838 241905.00
839 233262.00
840 222604.00
841 210804.00
842 216201.00
843 211976.00
844 207121.00
845 195484.00
846 194387.00
847 194190.00
848 209477.00
849 196915.00
850 198439.00
851 185144.00
852 172796.00
853 163009.00
854 155910.00
855 145630.00
856 154889.00
857 146673.00
858 140821.00
859 134807.00
860 124772.00
861 113475.00
862 109827.00
863 99951.00
864 98789.00
865 112862.00
866 125821.00
867 125500.00
868 127525.00
869 136398.00
870 126356.00
871 118238.00
872 110728.00
873 111532.00
874 102209.00
875 122967.00
876 115354.00
877 111896.00
878 111968.00
879 106113.00
880 102597.00
881 99943.00
882 98871.00
883 114357.00
884 118575.00
885 300936.00
886 298473.00
887 292872.00
888 285623.00
889 283578.00
890 271942.00
891 276701.00
892 266938.00
893 270789.00
894 273315.00
895 264962.00
896 272864.00
897 264518.00
898 262413.00
899 251481.00
900 243223.00
901 236643.00
902 225267.00
903 211035.00
904 216307.00
905 207532.00
906 198410.00
907 248694.00
908 237280.00
909 252392.00
910 378600.00
911 369541.00
912 368313.00
913 363667.00
914 364231.00
915 354914.00
916 350948.00
917 360582.00
918 357405.00
919 352741.00
920 408787.00
921 402399.00
922 398356.00
923 384563.00
924 423625.00
925 519255.00
926 568554.00
927 615956.00
928 604912.00
929 590155.00
930 583307.00
931 572168.00
932 870190.00
933 856579.00
934 845758.00
935 837436.00
936 829846.00
937 829427.00
938 823326.00
939 813426.00
940 806352.00
941 795748.00
942 799261.00
943 802508.00
944 820239.00
945 811413.00
946 800853.00
947 824010.00
948 847723.00
949 901767.00
950 900279.00
951 914823.00
952 901839.00
953 955565.00
954 947893.00
955 986145.00
956 984416.00
957 974098.00
958 965714.00
959 953127.00
960 942408.00
961 936505.00
962 931318.00
963 923249.00
964 923795.00
965 912445.00
966 900837.00
967 916376.00
968 907021.00
969 901332.00
970 895021.00
971 888129.00
972 876568.00
973 867461.00
974 857694.00
975 858696.00
976 847610.00
977 844909.00
978 851044.00
979 840257.00
980 830605.00
981 820478.00
982 844056.00
983 833774.00
984 824325.00
985 812891.00
986 834172.00
987 823396.00
988 814288.00
989 807849.00
990 807426.00
991 798039.00
992 792409.00
993 784797.00
994 772006.00
995 765621.00
996 757276.00
997 746486.00
998 745976.00
999 734922.00
1000 728553.00
1001 719228.00
1002 705660.00
1003 695281.00
1004 690709.00
1005 697178.00
1006 688768.00
1007 679902.00
1008 667187.00
1009 673937.00
1010 667495.00
1011 669534.00
1012 665928.00
1013 666242.00
1014 653202.00
1015 697401.00
1016 684791.00
1017 675407.00
1018 668041.00
1019 664977.00
1020 666450.00
1021 657805.00
1022 650802.00
1023 640360.00
1024 627128.00
1025 760493.00
1026 757122.00
1027 749749.00
1028 746546.00
1029 738175.00
1030 732805.00
1031 725198.00
1032 716288.00
1033 713973.00
1034 705343.00
1035 722378.00
1036 711027.00
1037 707656.00
1038 699057.00
1039 687687.00
1040 686489.00
1041 679099.00
1042 668782.00
1043 655472.00
1044 646920.00
1045 654430.00
1046 642834.00
1047 632314.00
1048 623537.00
1049 622008.00
1050 610722.00
1051 600519.00
1052 597648.00
1053 588024.00
1054 593318.00
1055 587639.00
1056 585562.00
1057 577881.00
1058 574409.00
1059 565230.00
1060 555120.00
1061 545799.00
1062 533497.00
1063 524430.00
1064 516148.00
1065 509804.00
1066 498889.00
1067 495748.00
1068 487306.00
1069 477466.00
1070 470077.00
1071 460630.00
1072 449611.00
1073 458458.00
1074 450299.00
1075 473033.00
1076 459426.00
1077 451090.00
1078 460214.00
1079 447419.00
1080 438868.00
1081 430015.00
1082 419714.00
1083 412334.00
1084 414900.00
1085 406812.00
1086 395758.00
1087 384245.00
1088 397318.00
1089 400084.00
1090 389631.00
1091 378852.00
1092 376022.00
1093 377570.00
1094 374135.00
1095 363498.00
1096 350781.00
1097 339772.00
1098 329869.00
1099 342855.00
1100 346003.00
1101 331893.00
1102 335459.00
1103 329564.00
1104 321219.00
1105 314325.00
1106 315102.00
1107 305009.00
1108 304828.00
1109 298707.00
1110 288328.00
1111 276784.00
1112 287700.00
1113 284085.00
1114 277238.00
1115 283477.00
1116 273554.00
1117 260537.00
1118 250494.00
1119 237146.00
1120 235726.00
1121 234463.00
1122 229625.00
1123 251579.00
1124 251149.00
1125 254130.00
1126 243978.00
1127 244491.00
1128 233608.00
1129 227753.00
1130 221569.00
1131 1111465.00
1132 1097091.00
1133 1086340.00
1134 1073721.00
1135 1061664.00
1136 1047044.00
1137 1047518.00
1138 1040133.00
1139 1028097.00
1140 1036712.00
1141 1027370.00
1142 1019604.00
1143 1041390.00
1144 1036468.00
1145 1040793.00
1146 1046194.00
1147 1035933.00
1148 1032979.00
1149 1186764.00
1150 1179753.00
1151 1167563.00
1152 1158242.00
1153 1145944.00
1154 1133906.00
1155 1125156.00
1156 1128193.00
1157 1114792.00
1158 1102535.00
1159 1098448.00
1160 1091342.00
1161 1085384.00
1162 1091050.00
1163 1076786.00
1164 1074522.00
1165 1065329.00
1166 1054705.00
1167 1060453.00
1168 1049838.00
1169 1043499.00
1170 1043100.00
1171 1031585.00
1172 1029826.00
1173 1018441.00
1174 1004423.00
1175 994179.00
1176 987143.00
1177 1007782.00
1178 1010470.00
1179 1003651.00
1180 993731.00
1181 982469.00
1182 970600.00
1183 960593.00
1184 946350.00
1185 934117.00
1186 923625.00
1187 912414.00
1188 903077.00
1189 900931.00
1190 895884.00
1191 889754.00
1192 901094.00
1193 888191.00
1194 877882.00
1195 869599.00
1196 861912.00
1197 856231.00
1198 859835.00
1199 852680.00
1200 847516.00
1201 836679.00
1202 846129.00
1203 836769.00
1204 827417.00
1205 826674.00
1206 819817.00
1207 816203.00
1208 803355.00
1209 795530.00
1210 784250.00
1211 771201.00
1212 769048.00
1213 763616.00
1214 750598.00
1215 740735.00
1216 726118.00
1217 723960.00
1218 720546.00
1219 712472.00
1220 699633.00
1221 705595.00
1222 704169.00
1223 696996.00
1224 686946.00
1225 679578.00
1226 675179.00
1227 686265.00
1228 678692.00
1229 667414.00
1230 654998.00
1231 646105.00
1232 638772.00
1233 629174.00
1234 624536.00
1235 624181.00
1236 612070.00
1237 599765.00
1238 588267.00
1239 596399.00
1240 587969.00
1241 714425.00
1242 721628.00
1243 713030.00
1244 704733.00
1245 698033.00
1246 691907.00
1247 694934.00
1248 688012.00
1249 675508.00
1250 683242.00
1251 670620.00
1252 661083.00
1253 652001.00
1254 639149.00
1255 629134.00
1256 630996.00
1257 646268.00
1258 662249.00
1259 658870.00
1260 652937.00
1261 648066.00
1262 635203.00
1263 626446.00
1264 626955.00
1265 614800.00
1266 602640.00
1267 592749.00
1268 580685.00
1269 570179.00
1270 584278.00
1271 580570.00
1272 570032.00
1273 559726.00
1274 554410.00
1275 547799.00
1276 537391.00
1277 531140.00
1278 531001.00
1279 523765.00
1280 511255.00
1281 514458.00
1282 502424.00
1283 490644.00
1284 484951.00
1285 476137.00
1286 468268.00
1287 462076.00
1288 452547.00
1289 444873.00
1290 445430.00
1291 452848.00
1292 454829.00
1293 453531.00
1294 447083.00
1295 436258.00
1296 428692.00
1297 421544.00
1298 414441.00
1299 413232.00
1300 406312.00
1301 402007.00
1302 395603.00
1303 388139.00
1304 384067.00
1305 380529.00
1306 371912.00
1307 366715.00
1308 362185.00
1309 357706.00
1310 349354.00
1311 340065.00
1312 329311.00
1313 323866.00
1314 325853.00
1315 319337.00
1316 313683.00
1317 306617.00
1318 310560.00
1319 322672.00
1320 443705.00
1321 431308.00
1322 419975.00
1323 419330.00
1324 412408.00
1325 400928.00
1326 393597.00
1327 387619.00
1328 383085.00
1329 388051.00
1330 383084.00
1331 372256.00
1332 376332.00
1333 366027.00
1334 362340.00
1335 441135.00
1336 439124.00
1337 431546.00
1338 425549.00
1339 418791.00
1340 418853.00
1341 417356.00
1342 408996.00
1343 399132.00
1344 388403.00
1345 387489.00
1346 376170.00
1347 368046.00
1348 357013.00
1349 354040.00
1350 345788.00
1351 340086.00
1352 331568.00
1353 326945.00
1354 325288.00
1355 315632.00
1356 307550.00
1357 297919.00
1358 288411.00
1359 278564.00
1360 274167.00
1361 267568.00
1362 254283.00
1363 243073.00
1364 248765.00
1365 244308.00
1366 246087.00
1367 243611.00
1368 251467.00
1369 242126.00
1370 236149.00
1371 250199.00
1372 235550.00
1373 222812.00
1374 220336.00
1375 212287.00
1376 213313.00
1377 218031.00
1378 210998.00
1379 204751.00
1380 202975.00
1381 204216.00
1382 207527.00
1383 195952.00
1384 188401.00
1385 186193.00
1386 193384.00
1387 188471.00
1388 182102.00
1389 176723.00
1390 169069.00
1391 160444.00
1392 188271.00
1393 175289.00
1394 166528.00
1395 170979.00
1396 186541.00
1397 172764.00
1398 169079.00
1399 321403.00
1400 312035.00
1401 310799.00
1402 301724.00
1403 300519.00
1404 288422.00
1405 280352.00
1406 276627.00
1407 264079.00
1408 255756.00
1409 301954.00
1410 357690.00
1411 351518.00
1412 342942.00
1413 347113.00
1414 345335.00
1415 336101.00
1416 325636.00
1417 312913.00
1418 301611.00
1419 481068.00
1420 477326.00
1421 471702.00
1422 465895.00
1423 460193.00
1424 449126.00
1425 443963.00
1426 438888.00
1427 427214.00
1428 414537.00
1429 404891.00
1430 391855.00
1431 389923.00
1432 383534.00
1433 395167.00
1434 397357.00
1435 392223.00
1436 387054.00
1437 382751.00
1438 400717.00
1439 398727.00
1440 389408.00
1441 377380.00
1442 367550.00
1443 354237.00
1444 346847.00
1445 337271.00
1446 328049.00
1447 319430.00
1448 317918.00
1449 311011.00
1450 302395.00
1451 301614.00
1452 290352.00
1453 290735.00
1454 278616.00
1455 268120.00
1456 259961.00
1457 251427.00
1458 247709.00
1459 257086.00
1460 244620.00
1461 259636.00
1462 251384.00
1463 241225.00
1464 233630.00
1465 230736.00
1466 223415.00
1467 222986.00
1468 210352.00
1469 198780.00
1470 190466.00
1471 177219.00
1472 164078.00
1473 153784.00
1474 142394.00
1475 131666.00
1476 132538.00
1477 121065.00
1478 112771.00
1479 100758.00
1480 102242.00
1481 123976.00
1482 110574.00
1483 99638.00
1484 98687.00
1485 98575.00
1486 98938.00
1487 98724.00
1488 100496.00
1489 98626.00
1490 99060.00
1491 98849.00
1492 98880.00
1493 98682.00
1494 98939.00
1495 98763.00
1496 100434.00
1497 98780.00
1498 98544.00
1499 98867.00
1500 98902.00
1501 99648.00
1502 99122.00
1503 98951.00
1504 98986.00
1505 98740.00
1506 99789.00
1507 220807.00
1508 210947.00
1509 197627.00
1510 183538.00
1511 173410.00
1512 162340.00
1513 156877.00
1514 164852.00
1515 151570.00
1516 139000.00
1517 137059.00
1518 124975.00
1519 112821.00
1520 101806.00
1521 98839.00
1522 98953.00
1523 100939.00
1524 98991.00
1525 99104.00
1526 99538.00
1527 98360.00
1528 98868.00
1529 103612.00
1530 99902.00
1531 98734.00
1532 108579.00
1533 98978.00
1534 99519.00
1535 106924.00
1536 99051.00
1537 98879.00
1538 99860.00
1539 98645.00
1540 98516.00
1541 98768.00
1542 98768.00
1543 98559.00
1544 98891.00
1545 98415.00
1546 98928.00
1547 98928.00
1548 98702.00
1549 100640.00
1550 100462.00
1551 99330.00
1552 102777.00
1553 100123.00
1554 113218.00
1555 100931.00
1556 98987.00
1557 102710.00
1558 98989.00
1559 98996.00
1560 98733.00
1561 98855.00
1562 99786.00
1563 98827.00
1564 100860.00
1565 110984.00
1566 123384.00
1567 118229.00
1568 108626.00
1569 98501.00
1570 99013.00
1571 99121.00
1572 98839.00
1573 98865.00
1574 98555.00
1575 99657.00
1576 98697.00
1577 99946.00
1578 99531.00
1579 99070.00
1580 216587.00
1581 210750.00
1582 207080.00
1583 196056.00
1584 185686.00
1585 176617.00
1586 162593.00
1587 151561.00
1588 140706.00
1589 145184.00
1590 151737.00
1591 146957.00
1592 135160.00
1593 124128.00
1594 111324.00
1595 98497.00
1596 98656.00
1597 98879.00
1598 110767.00
1599 99662.00
1600 98858.00
1601 98719.00
1602 99184.00
1603 99017.00
1604 99264.00
1605 99830.00
1606 102096.00
1607 106785.00
1608 99129.00
1609 99172.00
1610 99488.00
1611 100223.00
1612 99466.00
1613 98775.00
1614 117635.00
1615 117366.00
1616 113024.00
1617 104387.00
1618 99704.00
1619 98741.00
1620 98564.00
1621 99818.00
1622 99169.00
1623 98916.00
1624 98691.00
1625 98738.00
1626 100980.00
1627 98590.00
1628 98570.00
1629 102393.00
1630 99821.00
1631 101394.00
1632 98759.00
1633 100357.00
1634 99076.00
1635 99140.00
1636 98849.00
1637 98913.00
1638 99453.00
1639 104340.00
1640 112279.00
1641 99147.00
1642 110610.00
1643 99270.00
1644 98814.00
1645 98950.00
1646 98725.00
1647 99217.00
1648 110570.00
1649 102195.00
1650 100072.00
1651 103111.00
1652 99440.00
1653 98654.00
1654 99617.00
1655 98708.00
1656 98838.00
1657 98728.00
1658 99286.00
1659 98519.00
1660 99051.00
1661 99371.00
1662 98804.00
1663 98751.00
1664 98984.00
1665 105460.00
1666 99359.00
1667 98848.00
1668 99385.00
1669 102444.00
1670 229607.00
1671 220973.00
1672 211649.00
1673 217886.00
1674 228026.00
1675 217374.00
1676 209503.00
1677 203654.00
1678 192276.00
1679 181562.00
1680 170709.00
1681 169518.00
1682 156174.00
1683 145219.00
1684 138892.00
1685 127832.00
1686 118670.00
1687 106258.00
1688 103762.00
1689 124716.00
1690 139800.00
1691 131858.00
1692 124769.00
1693 113252.00
1694 106134.00
1695 99758.00
1696 99503.00
1697 98827.00
1698 104791.00
1699 98941.00
1700 98951.00
1701 98726.00
1702 99673.00
1703 98796.00
1704 98777.00
1705 101811.00
1706 113140.00
1707 109922.00
1708 119313.00
1709 108523.00
1710 99434.00
1711 99569.00
1712 98544.00
1713 98903.00
1714 98746.00
1715 99058.00
1716 99271.00
1717 99049.00
1718 108247.00
1719 112661.00
1720 102814.00
1721 99638.00
1722 98626.00
1723 99210.00
1724 105630.00
1725 99731.00
1726 107651.00
1727 99538.00
1728 98838.00
1729 99119.00
1730 98586.00
1731 114045.00
1732 114543.00
1733 105173.00
1734 99003.00
1735 98576.00
1736 107030.00
1737 98342.00
1738 98673.00
1739 107101.00
1740 107863.00
1741 122168.00
1742 128573.00
1743 127671.00
1744 128898.00
1745 118547.00
1746 108653.00
1747 99311.00
1748 100128.00
1749 100935.00
1750 100988.00
1751 98766.00
1752 98836.00
1753 98888.00
1754 98612.00
1755 98624.00
1756 98788.00
1757 218546.00
1758 1015370.00
1759 1001104.00
1760 988577.00
1761 978249.00
1762 967419.00
1763 954256.00
1764 953463.00
1765 949287.00
1766 951487.00
1767 972301.00
1768 965113.00
1769 955559.00
1770 943418.00
1771 931409.00
1772 918890.00
1773 1095742.00
1774 1092880.00
1775 1094210.00
1776 1089767.00
1777 1097224.00
1778 1094256.00
1779 1096261.00
1780 1096023.00
1781 1086959.00
1782 1079744.00
1783 1069971.00
1784 1069019.00
1785 1057939.00
1786 1045628.00
1787 1034550.00
1788 1021071.00
1789 1019159.00
1790 1021396.00
1791 1006636.00
1792 1002036.00
1793 987862.00
1794 975582.00
1795 961275.00
1796 953208.00
1797 951960.00
1798 963052.00
1799 969548.00
1800 956774.00
1801 947675.00
1802 936115.00
1803 1024898.00
1804 1013946.00
1805 1001511.00
1806 999609.00
1807 1008410.00
1808 1006861.00
1809 1003197.00
1810 993245.00
1811 987393.00
1812 974408.00
1813 962526.00
1814 960636.00
1815 952270.00
1816 942379.00
1817 936477.00
1818 925005.00
1819 917332.00
1820 906715.00
1821 897820.00
1822 897892.00
1823 887204.00
1824 875333.00
1825 862337.00
1826 859199.00
1827 850633.00
1828 837816.00
1829 839112.00
1830 831959.00
1831 825030.00
1832 816793.00
1833 804297.00
1834 793719.00
1835 779914.00
1836 769132.00
1837 756455.00
1838 743239.00
1839 740500.00
1840 729869.00
1841 717309.00
1842 707006.00
1843 712883.00
1844 700237.00
1845 688902.00
1846 682061.00
1847 673974.00
1848 664366.00
1849 654297.00
1850 645473.00
1851 632177.00
1852 620682.00
1853 611820.00
1854 601997.00
1855 590455.00
1856 589437.00
1857 577396.00
1858 567265.00
1859 556290.00
1860 551839.00
1861 539243.00
1862 530188.00
1863 527264.00
1864 523330.00
1865 511274.00
1866 508407.00
1867 496004.00
1868 485989.00
1869 623067.00
1870 615272.00
1871 603050.00
1872 606920.00
1873 594335.00
1874 584772.00
1875 575446.00
1876 563865.00
1877 549121.00
1878 537554.00
1879 524986.00
1880 513408.00
1881 504807.00
1882 498767.00
1883 487500.00
1884 482372.00
1885 472271.00
1886 465137.00
1887 453291.00
1888 446725.00
1889 438611.00
1890 426045.00
1891 435749.00
1892 434292.00
1893 432345.00
1894 419303.00
1895 411494.00
1896 405295.00
1897 399712.00
1898 394405.00
1899 383028.00
1900 370749.00
1901 363598.00
1902 349752.00
1903 342321.00
1904 335335.00
1905 326331.00
1906 320150.00
1907 309567.00
1908 297501.00
1909 291656.00
1910 288501.00
1911 275952.00
1912 271066.00
1913 263236.00
1914 264290.00
1915 250176.00
1916 239186.00
1917 252094.00
1918 251860.00
1919 259886.00
1920 251859.00
1921 239070.00
1922 233226.00
1923 219572.00
1924 220347.00
1925 207141.00
1926 208993.00
1927 200664.00
1928 206308.00
1929 194434.00
1930 191066.00
1931 183416.00
1932 170210.00
1933 176385.00
1934 167959.00
1935 160428.00
1936 151299.00
1937 140787.00
1938 128681.00
1939 126350.00
1940 111810.00
1941 104663.00
1942 109901.00
1943 101027.00
1944 99095.00
1945 101592.00
1946 101186.00
1947 98681.00
1948 109616.00
1949 99550.00
1950 108679.00
1951 100288.00
1952 98538.00
1953 98986.00
1954 99001.00
1955 100927.00
1956 99520.00
1957 99758.00
1958 98791.00
1959 98856.00
1960 98876.00
1961 100403.00
1962 98918.00
1963 99082.00
1964 98797.00
1965 103897.00
1966 98878.00
1967 99836.00
1968 99016.00
1969 100664.00
1970 111058.00
1971 103700.00
1972 102784.00
1973 98580.00
1974 99095.00
1975 99181.00
1976 99271.00
1977 99512.00
1978 119741.00
1979 107658.00
1980 114850.00
1981 115339.00
1982 105059.00
1983 99190.00
1984 99454.00
1985 98987.00
1986 103210.00
1987 104933.00
1988 104487.00
1989 106057.00
1990 99899.00
1991 99238.00
1992 98976.00
1993 99887.00
1994 100625.00
1995 99059.00
1996 99170.00
1997 99175.00
1998 99008.00
1999 98881.00
2000 98751.00
2001 98820.00
2002 98571.00
2003 100659.00
2004 118391.00
2005 131473.00
2006 154405.00
2007 149747.00
2008 142011.00
2009 137532.00
2010 122999.00
2011 133227.00
2012 124145.00
2013 112072.00
2014 125592.00
2015 131503.00
2016 124667.00
2017 119593.00
2018 104752.00
2019 98600.00
2020 99388.00
2021 99231.00
2022 99233.00
2023 101289.00
2024 221084.00
2025 212917.00
2026 208031.00
2027 205817.00
2028 199723.00
2029 188515.00
2030 188956.00
2031 174929.00
2032 161672.00
2033 148376.00
2034 136442.00
2035 124593.00
2036 115984.00
2037 116483.00
2038 105932.00
2039 104977.00
2040 98989.00
2041 102034.00
2042 99177.00
2043 98891.00
2044 98949.00
2045 101694.00
2046 99229.00
2047 99023.00
2048 99514.00
2049 221412.00
2050 230730.00
2051 233145.00
2052 221625.00
2053 208602.00
2054 201754.00
2055 189232.00
2056 182069.00
2057 180418.00
2058 169281.00
2059 163429.00
2060 152385.00
2061 144595.00
2062 142828.00
2063 133156.00
2064 158727.00
2065 156426.00
2066 153004.00
2067 142005.00
2068 152087.00
2069 142693.00
2070 131227.00
2071 127008.00
2072 114404.00
2073 122909.00
2074 156926.00
2075 150074.00
2076 155225.00
2077 151800.00
2078 139254.00
2079 131679.00
2080 119149.00
2081 112559.00
2082 103928.00
2083 98576.00
2084 99612.00
2085 98903.00
2086 98573.00
2087 99202.00
2088 99968.00
2089 98777.00
2090 106138.00
2091 99001.00
2092 98618.00
2093 105277.00
2094 102077.00
2095 115140.00
2096 102849.00
2097 99292.00
2098 98713.00
2099 99155.00
2100 98777.00
2101 99400.00
2102 99290.00
2103 99610.00
2104 100023.00
2105 98948.00
2106 100115.00
2107 98814.00
2108 101478.00
2109 105667.00
2110 106659.00
2111 102161.00
2112 98718.00
2113 102447.00
2114 101728.00
2115 98869.00
2116 98808.00
2117 98791.00
2118 99098.00
2119 100844.00
2120 102167.00
2121 98686.00
2122 100775.00
2123 99223.00
2124 109050.00
2125 99149.00
2126 102771.00
2127 256787.00
2128 246171.00
2129 233288.00
2130 238444.00
2131 242609.00
2132 230451.00
2133 234030.00
2134 295837.00
2135 312272.00
2136 306312.00
2137 297938.00
2138 288625.00
2139 285471.00
2140 282940.00
2141 272270.00
2142 259507.00
2143 251485.00
2144 246218.00
2145 243615.00
2146 233728.00
2147 225238.00
2148 222215.00
2149 221528.00
2150 218169.00
2151 213542.00
2152 204409.00
2153 204130.00
2154 196092.00
2155 189989.00
2156 184059.00
2157 177972.00
2158 169956.00
2159 155327.00
2160 142267.00
2161 134123.00
2162 126900.00
2163 116444.00
2164 103407.00
2165 99294.00
2166 98899.00
2167 98708.00
2168 98798.00
2169 101957.00
2170 99512.00
2171 98979.00
2172 98807.00
2173 101815.00
2174 99085.00
2175 99611.00
2176 99652.00
2177 99444.00
2178 103638.00
2179 98913.00
2180 99184.00
2181 99106.00
2182 99438.00
2183 99050.00
2184 98895.00
2185 98957.00
2186 98968.00
2187 99021.00
2188 98792.00
2189 98883.00
2190 99099.00
2191 99338.00
2192 101638.00
2193 98682.00
2194 110088.00
2195 99236.00
2196 99227.00
2197 98535.00
2198 98579.00
2199 99939.00
2200 99433.00
2201 303617.00
2202 293159.00
2203 280366.00
2204 268997.00
2205 258668.00
2206 244423.00
2207 236149.00
2208 221803.00
2209 213507.00
2210 201762.00
2211 195853.00
2212 188551.00
2213 175083.00
2214 170387.00
2215 167306.00
2216 166121.00
2217 156990.00
2218 144501.00
2219 132650.00
2220 121320.00
2221 118989.00
2222 106169.00
2223 101014.00
2224 98833.00
2225 99158.00
2226 98974.00
2227 107525.00
2228 103656.00
2229 114810.00
2230 115127.00
2231 112541.00
2232 113660.00
2233 105246.00
2234 99675.00
2235 98917.00
2236 98778.00
2237 99016.00
2238 99504.00
2239 103299.00
2240 99124.00
2241 98991.00
2242 98989.00
2243 107064.00
2244 98722.00
2245 99504.00
2246 99073.00
2247 99126.00
2248 100169.00
2249 99055.00
2250 99272.00
2251 99303.00
2252 99558.00
2253 98708.00
2254 99118.00
2255 102680.00
2256 101452.00
2257 98942.00
2258 99217.00
2259 99308.00
2260 99126.00
2261 105023.00
2262 99042.00
2263 100066.00
2264 98898.00
2265 98658.00
2266 98677.00
2267 151290.00
2268 143675.00
2269 158687.00
2270 148643.00
2271 151162.00
2272 144674.00
2273 132691.00
2274 136387.00
2275 132229.00
2276 120397.00
2277 107623.00
2278 98583.00
2279 99055.00
2280 98901.00
2281 99456.00
2282 111279.00
2283 111331.00
2284 103429.00
2285 100831.00
2286 99326.00
2287 99215.00
2288 117147.00
2289 109104.00
2290 236810.00
2291 236114.00
2292 227327.00
2293 215222.00
2294 201880.00
2295 192586.00
2296 192185.00
2297 190934.00
2298 180152.00
2299 169268.00
2300 161165.00
2301 149891.00
2302 140005.00
2303 132720.00
2304 123956.00
2305 116551.00
2306 118086.00
2307 114358.00
2308 107738.00
2309 100856.00
2310 111976.00
2311 112814.00
2312 102896.00
2313 98715.00
2314 98965.00
2315 99061.00
2316 98882.00
2317 99888.00
2318 99215.00
2319 98965.00
2320 98996.00
2321 98841.00
2322 99080.00
2323 99310.00
2324 99124.00
2325 98927.00
2326 100170.00
2327 98937.00
2328 99219.00
2329 99465.00
2330 99621.00
2331 100018.00
2332 98850.00
2333 98876.00
2334 98973.00
2335 99968.00
2336 99270.00
2337 99795.00
2338 99040.00
2339 99093.00
2340 99083.00
2341 98912.00
2342 98945.00
2343 99175.00
2344 98946.00
2345 99973.00
2346 99287.00
2347 98802.00
2348 98815.00
2349 98789.00
2350 100610.00
2351 98681.00
2352 98926.00
2353 98746.00
2354 99012.00
2355 152230.00
2356 147152.00
2357 136547.00
2358 141512.00
2359 134126.00
2360 151384.00
2361 142081.00
2362 134403.00
2363 120836.00
2364 110057.00
2365 103943.00
2366 101749.00
2367 99361.00
2368 99893.00
2369 99154.00
2370 98884.00
2371 99037.00
2372 98783.00
2373 104515.00
2374 101064.00
2375 98868.00
2376 98882.00
2377 98676.00
2378 209062.00
2379 198871.00
2380 187120.00
2381 919799.00
2382 905459.00
2383 898309.00
2384 885250.00
2385 876686.00
2386 864103.00
2387 850814.00
2388 843260.00
2389 834230.00
2390 823299.00
2391 809859.00
2392 796587.00
2393 782257.00
2394 768710.00
2395 755455.00
2396 743278.00
2397 729896.00
2398 719173.00
2399 704854.00
2400 691901.00
2401 680092.00
2402 668826.00
2403 656046.00
2404 644608.00
2405 633872.00
2406 622606.00
2407 608616.00
2408 757846.00
2409 745664.00
2410 733681.00
2411 723603.00
2412 710370.00
2413 699187.00
2414 685020.00
2415 671759.00
2416 658188.00
2417 644938.00
2418 630917.00
2419 618108.00
2420 604068.00
2421 599231.00
2422 589360.00
2423 584737.00
2424 594400.00
2425 580806.00
2426 568590.00
2427 557025.00
2428 551499.00
2429 537318.00
2430 541835.00
2431 618492.00
2432 617976.00
2433 604431.00
2434 590393.00
2435 578568.00
2436 575970.00
2437 564891.00
2438 563468.00
2439 573344.00
2440 571670.00
2441 572983.00
2442 574280.00
2443 574247.00
2444 560862.00
2445 547659.00
2446 534783.00
2447 523791.00
2448 513789.00
2449 501682.00
2450 487204.00
2451 486727.00
2452 474274.00
2453 471121.00
2454 460555.00
2455 454144.00
2456 451241.00
2457 439668.00
2458 441404.00
2459 429991.00
2460 416798.00
2461 417085.00
2462 404418.00
2463 391958.00
2464 381973.00
2465 369053.00
2466 358817.00
2467 355322.00
2468 346309.00
2469 333503.00
2470 324936.00
2471 311370.00
2472 298355.00
2473 284909.00
2474 274094.00
2475 262292.00
2476 256975.00
2477 255452.00
2478 244102.00
2479 232411.00
2480 224254.00
2481 211537.00
2482 200627.00
2483 187066.00
2484 175642.00
2485 162557.00
2486 152607.00
2487 140796.00
2488 128879.00
2489 123628.00
2490 110245.00
2491 111863.00
2492 101771.00
2493 99037.00
2494 99348.00
2495 98921.00
2496 99433.00
2497 99163.00
2498 100248.00
2499 99042.00
2500 98859.00
2501 99819.00
2502 99527.00
2503 99125.00
2504 98900.00
2505 99845.00
2506 99431.00
2507 98994.00
2508 243728.00
2509 229195.00
2510 216354.00
2511 210531.00
2512 199742.00
2513 191354.00
2514 180289.00
2515 179421.00
2516 165955.00
2517 151733.00
2518 138751.00
2519 124463.00
2520 118962.00
2521 111098.00
2522 105442.00
2523 99062.00
2524 98837.00
2525 99319.00
2526 99169.00
2527 98935.00
2528 103957.00
2529 221932.00
2530 360926.00
2531 349433.00
2532 367417.00
2533 357564.00
2534 353630.00
2535 344888.00
2536 336575.00
2537 324635.00
2538 316854.00
2539 306724.00
2540 293823.00
2541 285293.00
2542 310390.00
2543 303222.00
2544 333834.00
2545 321293.00
2546 308980.00
2547 307852.00
2548 293308.00
2549 284935.00
2550 283708.00
2551 273402.00
2552 261828.00
2553 268320.00
2554 258613.00
2555 246934.00
2556 250959.00
2557 240068.00
2558 226785.00
2559 412175.00
2560 402528.00
2561 402873.00
2562 405850.00
2563 393854.00
2564 381446.00
2565 367947.00
2566 354701.00
2567 345586.00
2568 333323.00
2569 319295.00
2570 308712.00
2571 299324.00
2572 285533.00
2573 298971.00
2574 323695.00
2575 312148.00
2576 301845.00
2577 288721.00
2578 280410.00
2579 268070.00
2580 260029.00
2581 248976.00
2582 235317.00
2583 222146.00
2584 215745.00
2585 209927.00
2586 198058.00
2587 185823.00
2588 172520.00
2589 175264.00
2590 162428.00
2591 152589.00
2592 139999.00
2593 154982.00
2594 142473.00
2595 136407.00
2596 138171.00
2597 124933.00
2598 112781.00
2599 173571.00
2600 161711.00
2601 152101.00
2602 141007.00
2603 128792.00
2604 121931.00
2605 117053.00
2606 107939.00
2607 99158.00
2608 98926.00
2609 98674.00
2610 99014.00
2611 99017.00
2612 99739.00
2613 99466.00
2614 115864.00
2615 107713.00
2616 99226.00
2617 99192.00
2618 98981.00
2619 184341.00
2620 219327.00
2621 217366.00
2622 207562.00
2623 197628.00
2624 204906.00
2625 196244.00
2626 188706.00
2627 176965.00
2628 176911.00
2629 167596.00
2630 156355.00
2631 157428.00
2632 148270.00
2633 144597.00
2634 157539.00
2635 151015.00
2636 145570.00
2637 147453.00
2638 137838.00
2639 128263.00
2640 130248.00
2641 130866.00
2642 121297.00
2643 112336.00
2644 109463.00
2645 100905.00
2646 99891.00
2647 98694.00
2648 210151.00
2649 207631.00
2650 199230.00
2651 188700.00
2652 178713.00
2653 171054.00
2654 160796.00
2655 149498.00
2656 145085.00
2657 132785.00
2658 124018.00
2659 112619.00
2660 103893.00
2661 99226.00
2662 101521.00
2663 148321.00
2664 140005.00
2665 128449.00
2666 124763.00
2667 117155.00
2668 110517.00
2669 101671.00
2670 102199.00
2671 239233.00
2672 226431.00
2673 217846.00
2674 205577.00
2675 194740.00
2676 180281.00
2677 166165.00
2678 153796.00
2679 140546.00
2680 130341.00
2681 117319.00
2682 104941.00
2683 104063.00
2684 99002.00
2685 98928.00
2686 98983.00
2687 99001.00
2688 99159.00
2689 99318.00
2690 98943.00
2691 98994.00
2692 99437.00
2693 99343.00
2694 99099.00
2695 98872.00
2696 99174.00
2697 98999.00
2698 99025.00
2699 99008.00
2700 114498.00
2701 114378.00
2702 101687.00
2703 98847.00
2704 98646.00
2705 99225.00
2706 99032.00
2707 99031.00
2708 98789.00
2709 99233.00
2710 99123.00
2711 98633.00
2712 98425.00
2713 112517.00
2714 100085.00
2715 99068.00
2716 98916.00
2717 98877.00
2718 173848.00
2719 166470.00
2720 161382.00
2721 147041.00
2722 135582.00
2723 122517.00
2724 111617.00
2725 103907.00
2726 98514.00
2727 99266.00
2728 98985.00
2729 100057.00
2730 99296.00
2731 99127.00
2732 99181.00
2733 98940.00
2734 99040.00
2735 99445.00
2736 99538.00
2737 99284.00
2738 99116.00
2739 99372.00
2740 123099.00
2741 112072.00
2742 98959.00
2743 99290.00
2744 99325.00
2745 99052.00
2746 99209.00
2747 99908.00
2748 99209.00
2749 99749.00
2750 100662.00
2751 100395.00
2752 214034.00
2753 202794.00
2754 191631.00
2755 178622.00
2756 165765.00
2757 157190.00
2758 144927.00
2759 132396.00
2760 121749.00
2761 112285.00
2762 99184.00
2763 99782.00
2764 98793.00
2765 99445.00
2766 99033.00
2767 101029.00
2768 99292.00
2769 99204.00
2770 99213.00
2771 98971.00
2772 99059.00
2773 99061.00
2774 98909.00
2775 99212.00
2776 98996.00
2777 105165.00
2778 99027.00
2779 99843.00
2780 98801.00
2781 101366.00
2782 99752.00
2783 98890.00
2784 99041.00
2785 98775.00
2786 98908.00
2787 98829.00
2788 99350.00
2789 99094.00
2790 99093.00
2791 99381.00
2792 100339.00
2793 99149.00
2794 99176.00
2795 99214.00
2796 99246.00
2797 103275.00
2798 124265.00
2799 118293.00
2800 104524.00
2801 99038.00
2802 98902.00
2803 100409.00
2804 99136.00
2805 98847.00
2806 98979.00
2807 99581.00
2808 99100.00
2809 98815.00
2810 98640.00
2811 106387.00
2812 98733.00
2813 98729.00
2814 98546.00
2815 99632.00
2816 99415.00
2817 98676.00
2818 99001.00
2819 110130.00
2820 98817.00
2821 99092.00
2822 223105.00
2823 209541.00
2824 198254.00
2825 198012.00
2826 185744.00
2827 176641.00
2828 163832.00
2829 153715.00
2830 139963.00
2831 172207.00
2832 168141.00
2833 154889.00
2834 143813.00
2835 131744.00
2836 116985.00
2837 105419.00
2838 99621.00
2839 99182.00
2840 99719.00
2841 99317.00
2842 99098.00
2843 99090.00
2844 101082.00
2845 99601.00
2846 104843.00
2847 99145.00
2848 98832.00
2849 98741.00
2850 98990.00
2851 99357.00
2852 99055.00
2853 98787.00
2854 110182.00
2855 99037.00
2856 98865.00
2857 98685.00
2858 99180.00
2859 98915.00
2860 98849.00
2861 98793.00
2862 99603.00
2863 98880.00
2864 98749.00
2865 98917.00
2866 103389.00
2867 98974.00
2868 99047.00
2869 99234.00
2870 99337.00
2871 98858.00
2872 99182.00
2873 98811.00
2874 99292.00
2875 99092.00
2876 99104.00
2877 99120.00
2878 100175.00
2879 109550.00
2880 99170.00
2881 98982.00
2882 99277.00
2883 99020.00
2884 98812.00
2885 104261.00
2886 98629.00
2887 99109.00
2888 98854.00
2889 99195.00
2890 99769.00
2891 98725.00
2892 98843.00
2893 99037.00
2894 99509.00
2895 99339.00
2896 99661.00
2897 99006.00
2898 99249.00
2899 112780.00
2900 107411.00
2901 99371.00
2902 121812.00
2903 113432.00
2904 103039.00
2905 99164.00
2906 115260.00
2907 251837.00
2908 243640.00
2909 235495.00
2910 222621.00
2911 209278.00
2912 196459.00
2913 184786.00
2914 172171.00
2915 164667.00
2916 150333.00
2917 142022.00
2918 132666.00
2919 121949.00
2920 109419.00
2921 99394.00
2922 99051.00
2923 98904.00
2924 102862.00
2925 99109.00
2926 106090.00
2927 99032.00
2928 98710.00
2929 99070.00
2930 99275.00
2931 99116.00
2932 99078.00
2933 98937.00
2934 114539.00
2935 102945.00
2936 99194.00
2937 99505.00
2938 100221.00
2939 99317.00
2940 99086.00
2941 98890.00
2942 99728.00
2943 99119.00
2944 99151.00
2945 100789.00
2946 98975.00
2947 99013.00
2948 98884.00
2949 98823.00
2950 98643.00
2951 99408.00
2952 99463.00
2953 99081.00
2954 98995.00
2955 99324.00
2956 99862.00
2957 104814.00
2958 98991.00
2959 99244.00
2960 98896.00
2961 99760.00
2962 99323.00
2963 99562.00
2964 99276.00
2965 99180.00
2966 99107.00
2967 99584.00
2968 99481.00
2969 99745.00
2970 98964.00
2971 102383.00
2972 102591.00
2973 103488.00
2974 117653.00
2975 103336.00
2976 99208.00
2977 99199.00
2978 99053.00
2979 100045.00
2980 99157.00
2981 99563.00
2982 99354.00
2983 98894.00
2984 99194.00
2985 99161.00
2986 98959.00
2987 98885.00
2988 99478.00
2989 98971.00
2990 99320.00
2991 98814.00
2992 98835.00
2993 98857.00
2994 99521.00
2995 99090.00
2996 98995.00
2997 107665.00
2998 99078.00
2999 219795.00
3000 244276.00
3001 910033.00
3002 897226.00
3003 885138.00
3004 870640.00
3005 858125.00
3006 859863.00
3007 846307.00
3008 833355.00
3009 822733.00
3010 810284.00
3011 797185.00
3012 783670.00
3013 776094.00
3014 763513.00
3015 754142.00
3016 760454.00
3017 748088.00
3018 737746.00
3019 726348.00
3020 714732.00
3021 704735.00
3022 696535.00
3023 684714.00
3024 691636.00
3025 678434.00
3026 663831.00
3027 650818.00
3028 636604.00
3029 785500.00
3030 776862.00
3031 763800.00
3032 752553.00
3033 744252.00
3034 729637.00
3035 719810.00
3036 706529.00
3037 696727.00
3038 684148.00
3039 672698.00
3040 659384.00
3041 647177.00
3042 633641.00
3043 623105.00
3044 620410.00
3045 610308.00
3046 597757.00
3047 588540.00
3048 578395.00
3049 581119.00
3050 572054.00
3051 559219.00
3052 546952.00
3053 532732.00
3054 521785.00
3055 509134.00
3056 495874.00
3057 484319.00
3058 472278.00
3059 458260.00
3060 446734.00
3061 438350.00
3062 427359.00
3063 417775.00
3064 410864.00
3065 398258.00
3066 386665.00
3067 381816.00
3068 372597.00
3069 361579.00
3070 351234.00
3071 339246.00
3072 325004.00
3073 314897.00
3074 309807.00
3075 302872.00
3076 289366.00
3077 278257.00
3078 265056.00
3079 251021.00
3080 238286.00
3081 224513.00
3082 210472.00
3083 213970.00
3084 200166.00
3085 190596.00
3086 177087.00
3087 163615.00
3088 150075.00
3089 145197.00
3090 132402.00
3091 120650.00
3092 107534.00
3093 99205.00
3094 99047.00
3095 99580.00
3096 101148.00
3097 99479.00
3098 99160.00
3099 98960.00
3100 99211.00
3101 99057.00
3102 99096.00
3103 103046.00
3104 99368.00
3105 99104.00
3106 98917.00
3107 100909.00
3108 98959.00
3109 99950.00
3110 99584.00
3111 98929.00
3112 98957.00
3113 99343.00
3114 105391.00
3115 98987.00
3116 99142.00
3117 99371.00
3118 99221.00
3119 99169.00
3120 98948.00
3121 99221.00
3122 99010.00
3123 99099.00
3124 99117.00
3125 99148.00
3126 99161.00
3127 99276.00
3128 220752.00
3129 209138.00
3130 197385.00
3131 184872.00
3132 175306.00
3133 162454.00
3134 150406.00
3135 136751.00
3136 135220.00
3137 123676.00
3138 110884.00
3139 104753.00
3140 99152.00
3141 98948.00
3142 98778.00
3143 101973.00
3144 99151.00
3145 99288.00
3146 99274.00
3147 99738.00
3148 99431.00
3149 99213.00
3150 191030.00
3151 177835.00
3152 164098.00
3153 199218.00
3154 321140.00
3155 312356.00
3156 299724.00
3157 297605.00
3158 283981.00
3159 271969.00
3160 269631.00
3161 258519.00
3162 246737.00
3163 236543.00
3164 222491.00
3165 216619.00
3166 262693.00
3167 264970.00
3168 258543.00
3169 244941.00
3170 234649.00
3171 222680.00
3172 231029.00
3173 219428.00
3174 209893.00
3175 195580.00
3176 189745.00
3177 194259.00
3178 190669.00
3179 183078.00
3180 180868.00
3181 167302.00
3182 153966.00
3183 143893.00
3184 134613.00
3185 124786.00
3186 115462.00
3187 102210.00
3188 99488.00
3189 99667.00
3190 107255.00
3191 126613.00
3192 115610.00
3193 110893.00
3194 105592.00
3195 99268.00
3196 99027.00
3197 99057.00
3198 99364.00
3199 112373.00
3200 99686.00
3201 100997.00
3202 99608.00
3203 100285.00
3204 99833.00
3205 101569.00
3206 98891.00
3207 100908.00
3208 99258.00
3209 98971.00
3210 99025.00
3211 99087.00
3212 99121.00
3213 98925.00
3214 98818.00
3215 105852.00
3216 98945.00
3217 99028.00
3218 98797.00
3219 98975.00
3220 104349.00
3221 99005.00
3222 98871.00
3223 112487.00
3224 103229.00
3225 100096.00
3226 99052.00
3227 99079.00
3228 99074.00
3229 100070.00
3230 99105.00
3231 104193.00
3232 99526.00
3233 99550.00
3234 99305.00
3235 99309.00
3236 99409.00
3237 99207.00
3238 112324.00
3239 106652.00
3240 103999.00
3241 102815.00
3242 99398.00
3243 99160.00
3244 98991.00
3245 99495.00
3246 99247.00
3247 99297.00
3248 99158.00
3249 105322.00
3250 105542.00
3251 105866.00
3252 98732.00
3253 98833.00
3254 99468.00
3255 99342.00
3256 99321.00
3257 99207.00
3258 99494.00
3259 99247.00
3260 99372.00
3261 99072.00
3262 99366.00
3263 99131.00
3264 100826.00
3265 98936.00
3266 99450.00
3267 99222.00
3268 100091.00
3269 99280.00
3270 213689.00
3271 201325.00
3272 187374.00
3273 175490.00
3274 162716.00
3275 150680.00
3276 155253.00
3277 147879.00
3278 142070.00
3279 134905.00
3280 120607.00
3281 111461.00
3282 99161.00
3283 99475.00
3284 99639.00
3285 99299.00
3286 99321.00
3287 99623.00
3288 100099.00
3289 99194.00
3290 99014.00
3291 99218.00
3292 99269.00
3293 99318.00
3294 239165.00
3295 227006.00
3296 218444.00
3297 207467.00
3298 196038.00
3299 185533.00
3300 172514.00
3301 157969.00
3302 144746.00
3303 130745.00
3304 119193.00
3305 105158.00
3306 99383.00
3307 99115.00
3308 98914.00
3309 99191.00
3310 99713.00
3311 99332.00
3312 99329.00
3313 99104.00
3314 99154.00
3315 99272.00
3316 99020.00
3317 99034.00
3318 99292.00
3319 99015.00
3320 99075.00
3321 99162.00
3322 104612.00
3323 102563.00
3324 100010.00
3325 98823.00
3326 98819.00
3327 99063.00
3328 99598.00
3329 100469.00
3330 99010.00
3331 99498.00
3332 100648.00
3333 99075.00
3334 98836.00
3335 100891.00
3336 99182.00
3337 99441.00
3338 99252.00
3339 99476.00
3340 98956.00
3341 99289.00
3342 99067.00
3343 99723.00
3344 101909.00
3345 99205.00
3346 99225.00
3347 98971.00
3348 99153.00
3349 99005.00
3350 99132.00
3351 99365.00
3352 99123.00
3353 99168.00
3354 99158.00
3355 99251.00
3356 98723.00
3357 99357.00
3358 99081.00
3359 99200.00
3360 114229.00
3361 105338.00
3362 99284.00
3363 99399.00
3364 99123.00
3365 99373.00
3366 99064.00
3367 99118.00
3368 98873.00
3369 99197.00
3370 99271.00
3371 99245.00
3372 99075.00
3373 99424.00
3374 98934.00
3375 98930.00
3376 99159.00
3377 102986.00
3378 99294.00
3379 99134.00
3380 98892.00
3381 118132.00
3382 106053.00
3383 99223.00
3384 101513.00
3385 99983.00
3386 99799.00
3387 99608.00
3388 99659.00
3389 221636.00
3390 212203.00
3391 198488.00
3392 188879.00
3393 174846.00
3394 163942.00
3395 152138.00
3396 148524.00
3397 134889.00
3398 122889.00
3399 111567.00
3400 103803.00
3401 99139.00
3402 99262.00
3403 99425.00
3404 100035.00
3405 99053.00
3406 99250.00
3407 98840.00
3408 99366.00
3409 110349.00
3410 107120.00
3411 99035.00
3412 99333.00
3413 100126.00
3414 99841.00
3415 99875.00
3416 99450.00
3417 99240.00
3418 99162.00
3419 104431.00
3420 104247.00
3421 99307.00
3422 99386.00
3423 104891.00
3424 98872.00
3425 99207.00
3426 98970.00
3427 98950.00
3428 98794.00
3429 99085.00
3430 101752.00
3431 98853.00
3432 98858.00
3433 98648.00
3434 98923.00
3435 99200.00
3436 98958.00
3437 98771.00
3438 101289.00
3439 99146.00
3440 99662.00
3441 98756.00
3442 132410.00
3443 120665.00
3444 107619.00
3445 99062.00
3446 225569.00
3447 223172.00
3448 211037.00
3449 198538.00
3450 187017.00
3451 173978.00
3452 177731.00
3453 163424.00
3454 152920.00
3455 139383.00
3456 126142.00
3457 112849.00
3458 102086.00
3459 99111.00
3460 110994.00
3461 99229.00
3462 99189.00
3463 99033.00
3464 99365.00
3465 99054.00
3466 100791.00
3467 99388.00
3468 99462.00
3469 99171.00
3470 99905.00
3471 99030.00
3472 99775.00
3473 99377.00
3474 108904.00
3475 104937.00
3476 99053.00
3477 99125.00
3478 98952.00
3479 99199.00
3480 99443.00
3481 99285.00
3482 99280.00
3483 99036.00
3484 99613.00
3485 99384.00
3486 99340.00
3487 103214.00
3488 98939.00
3489 100055.00
3490 101496.00
3491 98780.00
3492 99370.00
3493 99342.00
3494 99396.00
3495 99202.00
3496 99285.00
3497 99608.00
3498 99416.00
3499 99961.00
3500 99222.00
3501 99247.00
3502 100089.00
3503 99010.00
3504 99091.00
3505 98845.00
3506 99912.00
3507 99366.00
3508 99277.00
3509 103803.00
3510 99023.00
3511 99081.00
3512 99158.00
3513 99187.00
3514 99655.00
3515 100228.00
3516 99009.00
3517 99063.00
3518 98796.00
3519 99490.00
3520 99366.00
3521 99208.00
3522 100187.00
3523 99712.00
3524 99251.00
3525 99268.00
3526 99325.00
3527 100091.00
3528 99393.00
3529 209770.00
3530 198946.00
3531 191873.00
3532 179014.00
3533 170723.00
3534 158598.00
3535 144671.00
3536 131353.00
3537 122813.00
3538 111052.00
3539 99125.00
3540 99229.00
3541 99920.00
3542 99068.00
3543 99546.00
3544 99552.00
3545 99152.00
3546 101393.00
3547 99026.00
3548 99240.00
3549 99516.00
3550 99285.00
3551 99394.00
3552 99142.00
3553 99135.00
3554 99097.00
3555 98927.00
3556 100040.00
3557 99378.00
3558 99121.00
3559 99411.00
3560 98935.00
3561 98957.00
3562 98994.00
3563 99573.00
3564 98908.00
3565 98866.00
3566 100149.00
3567 99131.00
3568 99183.00
3569 98977.00
3570 99699.00
3571 99225.00
3572 99301.00
3573 99037.00
3574 99594.00
3575 99581.00
3576 99400.00
3577 99219.00
3578 99404.00
3579 99247.00
3580 99245.00
3581 99045.00
3582 98897.00
3583 99404.00
3584 99164.00
3585 99198.00
3586 98943.00
3587 99246.00
3588 99000.00
3589 110264.00
3590 99081.00
3591 99033.00
3592 99117.00
3593 98946.00
3594 99236.00
3595 133489.00
3596 120197.00
3597 112295.00
3598 100019.00
3599 98870.00
3600 99147.00
3601 99206.00
3602 98847.00
3603 99103.00
3604 98565.00
3605 99065.00
3606 99109.00
3607 98930.00
3608 100686.00
3609 99205.00
3610 99250.00
3611 99579.00
3612 99317.00
3613 102554.00
3614 99346.00
3615 99395.00
3616 99218.00
3617 100048.00
3618 99290.00
3619 110224.00
3620 98854.00
3621 204708.00
3622 193214.00
3623 180191.00
3624 168877.00
3625 157384.00
3626 865600.00
3627 851215.00
3628 837922.00
3629 824407.00
3630 817321.00
3631 821090.00
3632 808072.00
3633 795003.00
3634 780764.00
3635 768490.00
3636 754463.00
3637 746891.00
3638 739743.00
3639 731544.00
3640 718621.00
3641 705826.00
3642 693303.00
3643 680488.00
3644 667512.00
3645 663340.00
3646 653409.00
3647 647515.00
3648 633878.00
3649 623015.00
3650 609490.00
3651 601113.00
3652 727232.00
3653 714045.00
3654 699791.00
3655 689445.00
3656 678479.00
3657 663975.00
3658 651644.00
3659 641024.00
3660 628997.00
3661 616004.00
3662 605914.00
3663 593242.00
3664 582918.00
3665 569615.00
3666 563816.00
3667 551047.00
3668 541497.00
3669 530795.00
3670 519160.00
3671 515654.00
3672 504959.00
3673 491904.00
3674 480173.00
3675 466814.00
3676 453602.00
3677 442790.00
3678 430257.00
3679 418745.00
3680 409349.00
3681 396129.00
3682 383579.00
3683 372800.00
3684 359244.00
3685 357168.00
3686 344129.00
3687 330959.00
3688 318725.00
3689 306212.00
3690 296724.00
3691 283677.00
3692 271348.00
3693 257898.00
3694 245863.00
3695 236919.00
3696 224627.00
3697 214962.00
3698 212228.00
3699 199425.00
3700 187839.00
3701 179215.00
3702 185756.00
3703 172412.00
3704 159187.00
3705 148522.00
3706 135525.00
3707 121087.00
3708 111239.00
3709 99715.00
3710 99036.00
3711 99273.00
3712 99369.00
3713 103044.00
3714 99092.00
3715 99098.00
3716 99144.00
3717 99593.00
3718 99104.00
3719 99330.00
3720 99156.00
3721 99117.00
3722 98910.00
3723 98796.00
3724 99365.00
3725 99090.00
3726 99452.00
3727 98866.00
3728 99109.00
3729 98920.00
3730 99209.00
3731 98740.00
3732 99300.00
3733 99362.00
3734 99353.00
3735 99092.00
3736 99653.00
3737 99462.00
3738 108894.00
3739 99633.00
3740 99605.00
3741 99441.00
3742 99438.00
3743 99447.00
3744 99224.00
3745 99509.00
3746 99270.00
3747 99447.00
3748 101103.00
3749 213519.00
3750 204809.00
3751 191536.00
3752 178460.00
3753 165012.00
3754 152504.00
3755 140878.00
3756 130567.00
3757 119301.00
3758 107052.00
3759 99442.00
3760 98999.00
3761 99045.00
3762 104050.00
3763 99338.00
3764 99396.00
3765 99230.00
3766 99573.00
3767 99267.00
3768 99531.00
3769 99079.00
3770 99139.00
3771 99392.00
3772 99088.00
3773 99160.00
3774 99735.00
3775 99440.00
3776 99468.00
3777 99368.00
3778 99331.00
3779 99371.00
3780 107073.00
3781 99255.00
3782 99350.00
3783 99500.00
3784 99243.00
3785 99087.00
3786 101123.00
3787 99631.00
3788 99423.00
3789 99461.00
3790 99559.00
3791 99236.00
3792 100271.00
3793 99027.00
3794 99340.00
3795 99372.00
3796 99380.00
3797 99428.00
3798 101417.00
3799 99277.00
3800 99852.00
3801 99248.00
3802 99303.00
3803 99061.00
3804 98838.00
3805 99370.00
3806 98971.00
3807 107623.00
3808 99342.00
3809 99807.00
3810 99308.00
3811 99259.00
3812 100099.00
3813 99664.00
3814 99480.00
3815 99453.00
3816 99988.00
3817 99073.00
3818 100111.00
3819 99653.00
3820 99422.00
3821 99677.00
3822 99486.00
3823 99350.00
3824 99509.00
3825 99105.00
3826 99572.00
3827 99487.00
3828 99309.00
3829 99163.00
3830 99326.00
3831 105940.00
3832 99277.00
3833 99139.00
3834 99166.00
3835 99206.00
3836 135696.00
3837 124077.00
3838 110284.00
3839 101025.00
3840 99649.00
3841 99136.00
3842 99873.00
3843 99430.00
3844 99245.00
3845 99227.00
3846 99313.00
3847 99288.00
3848 99354.00
3849 101390.00
3850 99276.00
3851 100730.00
3852 106887.00
3853 99709.00
3854 99306.00
3855 100154.00
3856 99824.00
3857 99411.00
3858 99479.00
3859 99215.00
3860 100231.00
3861 99311.00
3862 99277.00
3863 108196.00
3864 99588.00
3865 99350.00
3866 99146.00
3867 99138.00
3868 99436.00
3869 99452.00
3870 99523.00
3871 99304.00
3872 99389.00
3873 99364.00
3874 99475.00
3875 99237.00
3876 99220.00
3877 99476.00
3878 99329.00
3879 99915.00
3880 99199.00
3881 99441.00
3882 99207.00
3883 98990.00
3884 99007.00
3885 98891.00
3886 99385.00
3887 99412.00
3888 99196.00
3889 98998.00
3890 99028.00
3891 231881.00
3892 220441.00
3893 212390.00
3894 207353.00
3895 196980.00
3896 183951.00
3897 173631.00
3898 161307.00
3899 147316.00
3900 136012.00
3901 121757.00
3902 109227.00
3903 99703.00
3904 99898.00
3905 99470.00
3906 99309.00
3907 99317.00
3908 99333.00
3909 99189.00
3910 99428.00
3911 105605.00
3912 99666.00
3913 103843.00
3914 216562.00
3915 204920.00
3916 195574.00
3917 183026.00
3918 168710.00
3919 165679.00
3920 151615.00
3921 148021.00
3922 135183.00
3923 126149.00
3924 113111.00
3925 100543.00
3926 99110.00
3927 99155.00
3928 99507.00
3929 99464.00
3930 99259.00
3931 100773.00
3932 99564.00
3933 99182.00
3934 99789.00
3935 99400.00
3936 99416.00
3937 100147.00
3938 99297.00
3939 99312.00
3940 99127.00
3941 99623.00
3942 99299.00
3943 105993.00
3944 103805.00
3945 110277.00
3946 99274.00
3947 98985.00
3948 99008.00
3949 100216.00
3950 99764.00
3951 105266.00
3952 103674.00
3953 98884.00
3954 99415.00
3955 99534.00
3956 99298.00
3957 99040.00
3958 100173.00
3959 99118.00
3960 99588.00
3961 98918.00
3962 98882.00
3963 99479.00
3964 99125.00
3965 99075.00
3966 102141.00
3967 107793.00
3968 103886.00
3969 99005.00
3970 99346.00
3971 99025.00
3972 99263.00
3973 99830.00
3974 99697.00
3975 100024.00
3976 99457.00
3977 99167.00
3978 99245.00
3979 99856.00
3980 99534.00
3981 99373.00
3982 99476.00
3983 99469.00
3984 100221.00
3985 99213.00
3986 99209.00
3987 100000.00
3988 99301.00
3989 99325.00
3990 99155.00
3991 100368.00
3992 99676.00
3993 99224.00
3994 102781.00
3995 112260.00
3996 100859.00
3997 224667.00
3998 223916.00
3999 209122.00
