4000
0 755311.00
1 756619.00
2 759023.00
3 764413.00
4 765781.00
5 767950.00
6 789801.00
7 791330.00
8 792778.00
9 794601.00
10 796012.00
11 798162.00
12 799605.00
13 801248.00
14 805107.00
15 805663.00
16 807298.00
17 809203.00
18 810468.00
19 812407.00
20 813936.00
21 815502.00
22 817799.00
23 819772.00
24 821029.00
25 823053.00
26 829404.00
27 831053.00
28 835202.00
29 842202.00
30 843579.00
31 845707.00
32 849026.00
33 868807.00
34 1017314.00
35 1022025.00
36 1026386.00
37 1035360.00
38 1041195.00
39 1049705.00
40 1054580.00
41 1074701.00
42 1076782.00
43 1078221.00
44 1079754.00
45 1081451.00
46 1083063.00
47 1086703.00
48 1089041.00
49 1094627.00
50 1098433.00
51 1103042.00
52 1108378.00
53 1110971.00
54 1114809.00
55 1116463.00
56 1118453.00
57 1122645.00
58 1124302.00
59 1127473.00
60 1129080.00
61 1131675.00
62 1133282.00
63 1134710.00
64 1137316.00
65 1142144.00
66 1143796.00
67 1145666.00
68 1147273.00
69 1148908.00
70 1150295.00
71 1151813.00
72 1153817.00
73 1155217.00
74 1157147.00
75 1158489.00
76 1160106.00
77 1161998.00
78 1163619.00
79 1164977.00
80 1166839.00
81 1168526.00
82 1170966.00
83 1172533.00
84 1174130.00
85 1176446.00
86 1178117.00
87 1179733.00
88 1181598.00
89 1196362.00
90 1198051.00
91 1199754.00
92 1212941.00
93 1215203.00
94 1217098.00
95 1218727.00
96 1220069.00
97 1221948.00
98 1223589.00
99 1225480.00
100 1226890.00
101 1229768.00
102 1231794.00
103 1233641.00
104 1235231.00
105 1242246.00
106 1243848.00
107 1246494.00
108 1248084.00
109 1250188.00
110 1251756.00
111 1253627.00
112 1255187.00
113 1257783.00
114 1259628.00
115 1260986.00
116 1262608.00
117 1264189.00
118 1266000.00
119 1268107.00
120 1270727.00
121 1272303.00
122 1276420.00
123 1277970.00
124 1279567.00
125 1281406.00
126 1283033.00
127 1286907.00
128 1288161.00
129 1292506.00
130 1294147.00
131 1295970.00
132 1297307.00
133 1298923.00
134 1305724.00
135 1308051.00
136 1309737.00
137 1311274.00
138 1313118.00
139 1314701.00
140 1317036.00
141 1318390.00
142 1320239.00
143 1322302.00
144 1325667.00
145 1327755.00
146 1345944.00
147 1347319.00
148 1349924.00
149 1351213.00
150 1353009.00
151 1354453.00
152 1355985.00
153 1357830.00
154 1359508.00
155 1360832.00
156 1362660.00
157 1364020.00
158 1366108.00
159 1369651.00
160 1371198.00
161 1373278.00
162 1375343.00
163 1376675.00
164 1378300.00
165 1380657.00
166 1444879.00
167 1446440.00
168 1448042.00
169 1449474.00
170 1451500.00
171 1452711.00
172 1454499.00
173 1455913.00
174 1457284.00
175 1459385.00
176 1461968.00
177 1463246.00
178 1465389.00
179 1466855.00
180 1469034.00
181 1470975.00
182 1472606.00
183 1473882.00
184 1475491.00
185 1477057.00
186 1478968.00
187 1480538.00
188 1481910.00
189 1483586.00
190 1485326.00
191 1487708.00
192 1489316.00
193 1490606.00
194 1492681.00
195 1509898.00
196 1511200.00
197 1512984.00
198 1519111.00
199 1520433.00
200 1522404.00
201 1523763.00
202 1525391.00
203 1526954.00
204 1528900.00
205 1530528.00
206 1532095.00
207 1533368.00
208 1660744.00
209 1662188.00
210 1664076.00
211 1668991.00
212 1673714.00
213 1676008.00
214 1677632.00
215 1679484.00
216 1684559.00
217 1686881.00
218 1688732.00
219 1690090.00
220 1692216.00
221 1693573.00
222 1695059.00
223 1698386.00
224 1707862.00
225 1709690.00
226 1711338.00
227 1713223.00
228 1714589.00
229 1717386.00
230 1718994.00
231 1720606.00
232 1721923.00
233 1724509.00
234 1726186.00
235 1737100.00
236 1739490.00
237 1741956.00
238 1743628.00
239 1744997.00
240 1746542.00
241 1749235.00
242 1751206.00
243 1755581.00
244 1757380.00
245 1759571.00
246 1763369.00
247 1765196.00
248 1766796.00
249 1768412.00
250 1769737.00
251 1773161.00
252 1776637.00
253 1778492.00
254 1781078.00
255 1785602.00
256 1790421.00
257 1795231.00
258 1802023.00
259 1805843.00
260 1807678.00
261 1809334.00
263 1804186.00
265 1800231.00
266 1801494.00
268 1796590.00
269 1797870.00
270 1799760.00
271 1801293.00
272 1802932.00
273 1805294.00
274 1807694.00
275 1809092.00
277 1804156.00
280 1793034.00
281 1795336.00
282 1803560.00
284 1798159.00
285 1800237.00
286 1801819.00
288 1796378.00
289 1798017.00
290 1799625.00
291 1801942.00
293 1796717.00
294 1801094.00
295 1802872.00
296 1807981.00
297 1809286.00
298 1811297.00
299 1813701.00
300 1815372.00
301 1817232.00
302 1821445.00
303 1822849.00
304 1824480.00
305 1826330.00
306 1827852.00
307 1829977.00
309 1824772.00
310 1827146.00
311 1828982.00
312 1831071.00
314 1825911.00
315 1827983.00
316 1829579.00
317 1831450.00
318 1833021.00
319 1834319.00
321 1829229.00
322 1832006.00
323 1833470.00
325 1828097.00
327 1823873.00
329 1818836.00
330 1820215.00
334 1801260.00
336 1797803.00
337 1799430.00
339 1796495.00
340 1798345.00
341 1799697.00
342 1801547.00
344 1796118.00
345 1797718.00
346 1799564.00
347 1801198.00
349 1797784.00
350 1799274.00
351 1801609.00
353 1796383.00
354 1797736.00
355 1799602.00
356 1801001.00
358 1796233.00
359 1797607.00
360 1799176.00
361 1801496.00
362 1803408.00
363 1807997.00
364 1814048.00
365 1817597.00
366 1820029.00
367 1821600.00
369 1818553.00
371 1813349.00
372 1814646.00
373 1816506.00
374 1818166.00
376 1818247.00
378 1816395.00
379 1818309.00
381 1813096.00
382 1815192.00
383 1817317.00
384 1823095.00
386 1817871.00
387 1819684.00
388 1821096.00
389 1822669.00
391 1817822.00
392 1824846.00
393 1826123.00
394 1827754.00
396 1822794.00
397 1824486.00
398 1827745.00
399 1829970.00
402 1818692.00
407 1796727.00
408 1798487.00
409 1800074.00
410 1801861.00
411 1804230.00
412 1806848.00
413 1808220.00
414 1810094.00
415 1815861.00
416 1817187.00
417 1819694.00
419 1814271.00
420 1816622.00
421 1818458.00
422 1820097.00
442 1693431.00
443 1694736.00
445 1689865.00
446 1691454.00
447 1692761.00
448 1695321.00
449 1696960.00
450 1698559.00
451 1700876.00
452 1702637.00
454 1697316.00
455 1698891.00
456 1706217.00
457 1711236.00
459 1707097.00
460 1708391.00
461 1710021.00
462 1711591.00
465 1700853.00
468 1690651.00
469 1693009.00
470 1694836.00
471 1705018.00
472 1713398.00
473 1714908.00
474 1717266.00
475 1719610.00
476 1720929.00
478 1716024.00
479 1718568.00
480 1724146.00
482 1737538.00
483 1739051.00
484 1740668.00
487 1734905.00
488 1736267.00
489 1737854.00
491 1734160.00
492 1736735.00
493 1738057.00
494 1739915.00
495 1741248.00
496 1742884.00
498 1737892.00
499 1743137.00
500 1744813.00
501 1746450.00
502 1748021.00
503 1749680.00
504 1751029.00
505 1753598.00
506 1755204.00
507 1756768.00
508 1758365.00
509 1760247.00
511 1754739.00
513 1749600.00
514 1752170.00
516 1747005.00
517 1748403.00
518 1750014.00
519 1752611.00
520 1756384.00
521 1757836.00
522 1759334.00
523 1769453.00
525 1764017.00
526 1765876.00
527 1767283.00
528 1768817.00
530 1764853.00
531 1766469.00
532 1769828.00
534 1764439.00
535 1766062.00
537 1762247.00
538 1763810.00
540 1758929.00
541 1760530.00
543 1755971.00
545 1751162.00
546 1752478.00
547 1754050.00
549 1748975.00
550 1750560.00
553 1739306.00
554 1740854.00
556 1735667.00
558 1731473.00
559 1732862.00
562 1724677.00
563 1726534.00
565 1721509.00
566 1723215.00
567 1725421.00
569 1719983.00
570 1725804.00
571 1727682.00
572 1729076.00
573 1731135.00
574 1732491.00
575 1734089.00
576 1736437.00
577 1738305.00
579 1732871.00
580 1734475.00
581 1736064.00
582 1737875.00
584 1734431.00
585 1735976.00
586 1737532.00
588 1733147.00
589 1736068.00
590 1738816.00
591 1741650.00
593 1736715.00
594 1738088.00
596 1732933.00
597 1736521.00
598 1737829.00
599 1739474.00
600 1741315.00
602 1736233.00
603 1737802.00
604 1739095.00
606 1734437.00
607 1735712.00
608 1738098.00
610 1756852.00
611 1758428.00
612 1759970.00
615 1748987.00
616 1751328.00
619 1740451.00
621 1735276.00
622 1736565.00
623 1738202.00
624 1739998.00
625 1741646.00
626 1743946.00
627 1746852.00
629 1742082.00
630 1744019.00
631 1745608.00
633 1740421.00
634 1742004.00
635 1743415.00
636 1745557.00
638 1740064.00
639 1741599.00
640 1743261.00
642 1737952.00
643 1739801.00
645 1736642.00
646 1737987.00
647 1739569.00
648 1741140.00
652 1723644.00
653 1725038.00
654 1728343.00
655 1729745.00
657 1725555.00
658 1727587.00
659 1729518.00
660 1731185.00
661 1733356.00
662 1734733.00
663 1736567.00
666 1727862.00
669 1716361.00
670 1718046.00
672 1713060.00
673 1714626.00
675 1709233.00
676 1710709.00
677 1712591.00
678 1717510.00
680 1713544.00
681 1715089.00
682 1835788.00
683 1837290.00
685 1831912.00
686 1834504.00
687 1836028.00
688 1838411.00
689 1840012.00
690 1841811.00
691 1843181.00
692 1844789.00
693 1846143.00
697 1828640.00
700 1819675.00
701 1821493.00
702 1867117.00
704 1861916.00
705 1863389.00
706 1864982.00
707 1867593.00
708 1869432.00
709 1870737.00
714 1846372.00
715 1847772.00
718 1837441.00
719 1839513.00
720 1842082.00
722 1836933.00
723 1838482.00
727 1819500.00
729 1819776.00
730 1821601.00
731 1823462.00
732 1825226.00
733 1826903.00
734 1828668.00
735 1830147.00
737 1826624.00
738 1828024.00
740 1822851.00
741 1825113.00
742 1826988.00
743 1828284.00
746 1817340.00
748 1811891.00
750 1807471.00
751 1809315.00
753 1805345.00
754 1807201.00
755 1938264.00
756 1940024.00
758 1934842.00
759 1936464.00
760 1937910.00
762 1933209.00
763 1934446.00
764 1936078.00
765 1937739.00
767 1932494.00
768 1934345.00
769 1935935.00
773 1917946.00
774 1920118.00
778 1903434.00
779 1904867.00
781 1899689.00
782 1901327.00
783 1902958.00
784 1904754.00
785 1906227.00
786 1907722.00
787 1909296.00
790 1899816.00
791 1901408.00
792 1903509.00
793 1908771.00
794 1910429.00
795 1913728.00
797 1910040.00
799 1905609.00
800 1908214.00
801 1909600.00
802 1911883.00
804 1906962.00
805 1909821.00
806 1911682.00
807 1913212.00
808 1914596.00
809 1916134.00
810 1917773.00
812 1914054.00
817 1896486.00
819 1891279.00
821 1887917.00
822 1889411.00
824 1884919.00
827 1875280.00
829 1873284.00
831 1868836.00
833 1864876.00
834 1866747.00
836 1863272.00
837 1864863.00
839 1861508.00
841 1856029.00
842 1858533.00
843 1860566.00
845 1855081.00
846 1856660.00
847 1858447.00
848 1862039.00
850 1856654.00
851 1858994.00
852 1860246.00
853 1862539.00
858 1836639.00
859 1838279.00
862 1828075.00
863 1829370.00
865 1826208.00
866 1827776.00
867 1829495.00
869 1824920.00
870 1826787.00
871 1828191.00
872 1829988.00
874 1824821.00
875 1827216.00
876 1831998.00
877 1833563.00
879 1829613.00
880 1831269.00
881 1833337.00
882 1835143.00
884 1829966.00
885 1831590.00
886 1833002.00
887 1834802.00
889 1829669.00
890 1831511.00
891 1832812.00
893 1827684.00
894 1829991.00
895 1831877.00
897 1827640.00
898 1829248.00
899 1830877.00
901 1825647.00
902 1827003.00
904 1823586.00
906 1818399.00
907 1825679.00
908 1827991.00
909 1829386.00
910 1832948.00
911 1841467.00
913 1836230.00
915 1832458.00
916 1834085.00
917 1835976.00
919 1831004.00
920 1832407.00
922 1826978.00
943 1694782.00
944 1696200.00
947 1685181.00
948 1687040.00
950 1681581.00
951 1682861.00
952 1684981.00
953 1686369.00
954 1687944.00
955 1689607.00
956 1691407.00
958 1686937.00
959 1688292.00
967 1643736.00
968 1645045.00
969 1646627.00
970 1648219.00
971 1650083.00
972 1651475.00
973 1653290.00
974 1654611.00
975 1655997.00
976 1658105.00
977 1662921.00
978 1665315.00
979 1667139.00
982 1656403.00
987 1632782.00
988 1634435.00
989 1639437.00
990 1641319.00
992 1636186.00
993 1637723.00
994 1640045.00
995 1642373.00
997 1641432.00
998 1643273.00
999 1644628.00
1001 1648348.00
1004 1641234.00
1005 1643593.00
1006 1645190.00
1007 1646766.00
1008 1648395.00
1010 1643200.00
1030 1516840.00
1031 1518390.00
1033 1513186.00
1034 1514772.00
1035 1516647.00
1036 1518383.00
1037 1519586.00
1039 1518405.00
1041 1512968.00
1042 1514801.00
1044 1510596.00
1045 1512199.00
1046 1513831.00
1047 1515413.00
1049 1514915.00
1050 1516732.00
1053 1505517.00
1054 1506906.00
1055 1508990.00
1058 1497692.00
1059 1499114.00
1061 1496407.00
1064 1485660.00
1065 1487056.00
1066 1489641.00
1067 1491247.00
1068 1492874.00
1069 1494169.00
1070 1496348.00
1072 1491657.00
1073 1493227.00
1074 1495068.00
1075 1496696.00
1076 1498733.00
1077 1500560.00
1078 1502206.00
1080 1497034.00
1081 1498389.00
1082 1502449.00
1083 1506257.00
1084 1507606.00
1085 1510294.00
1086 1511834.00
1087 1513424.00
1088 1515296.00
1089 1516815.00
1090 1518208.00
1091 1522812.00
1092 1525086.00
1093 1526696.00
1094 1529297.00
1095 1530958.00
1096 1532280.00
1097 1533838.00
1098 1535439.00
1099 1542473.00
1100 1544809.00
1101 1546204.00
1102 1548313.00
1103 1549662.00
1104 1553446.00
1105 1555045.00
1109 1539045.00
1110 1544583.00
1112 1539135.00
1113 1540980.00
1114 1542556.00
1117 1531519.00
1119 1527017.00
1120 1528830.00
1121 1530135.00
1122 1531720.00
1123 1534815.00
1125 1529552.00
1126 1530949.00
1127 1533086.00
1130 1523107.00
1131 1524941.00
1132 1526291.00
1135 1516110.00
1137 1511168.00
1138 1513037.00
1139 1514578.00
1140 1515986.00
1141 1517841.00
1143 1513392.00
1144 1515769.00
1146 1511556.00
1147 1513116.00
1149 1509442.00
1150 1511027.00
1152 1505790.00
1153 1507372.00
1154 1509240.00
1155 1510870.00
1157 1507192.00
1158 1508765.00
1159 1510233.00
1161 1505950.00
1162 1507568.00
1163 1509518.00
1164 1510544.00
1165 1512371.00
1167 1507146.00
1168 1509068.00
1169 1510339.00
1170 1511920.00
1171 1513293.00
1172 1515401.00
1173 1516779.00
1174 1519124.00
1177 1512610.00
1178 1514186.00
1179 1515811.00
1181 1510429.00
1182 1512995.00
1183 1514995.00
1184 1516861.00
1185 1518468.00
1186 1520147.00
1187 1521661.00
1188 1523290.00
1190 1518357.00
1191 1519938.00
1192 1521300.00
1193 1523123.00
1195 1745984.00
1196 1753686.00
1197 1752014.00
1199 1748118.00
1200 1749696.00
1201 1751067.00
1202 1753186.00
1203 1754466.00
1205 1749644.00
1206 1870093.00
1207 1871767.00
1208 1884998.00
1210 1879901.00
1211 1882168.00
1212 1883706.00
1213 1885330.00
1214 1887472.00
1215 1994551.00
1216 2025230.00
1217 2026794.00
1218 2028614.00
1219 2030252.00
1220 2031581.00
1221 2045834.00
1222 2047403.00
1223 2191427.00
1224 2205631.00
1225 2457750.00
1226 2459197.00
1228 2456029.00
1230 2451329.00
1231 2452737.00
1233 2448251.00
1234 2450089.00
1235 2451702.00
1236 2453790.00
1238 2450435.00
1239 2451903.00
1240 2453312.00
1242 2448659.00
1243 2449984.00
1245 2445528.00
1247 2440576.00
1248 2442259.00
1249 2443642.00
1250 2446144.00
1252 2443702.00
1253 2446994.00
1255 2442352.00
1257 2438339.00
1258 2440468.00
1260 2436267.00
1261 2440288.00
1262 2442171.00
1263 2447177.00
1264 2448572.00
1265 2450148.00
1267 2445708.00
1268 2448084.00
1269 2450471.00
1270 2452303.00
1271 2454635.00
1272 2456446.00
1273 2458026.00
1275 2453629.00
1276 2455264.00
1277 2456800.00
1279 2455413.00
1280 2456987.00
1281 2458810.00
1282 2460865.00
1285 2451146.00
1286 2453254.00
1287 2455576.00
1289 2450149.00
1291 2446082.00
1293 2440547.00
1294 2442407.00
1295 2443997.00
1296 2446300.00
1297 2447734.00
1299 2443959.00
1301 2438688.00
1302 2440155.00
1303 2442005.00
1305 2436805.00
1306 2438386.00
1307 2441491.00
1309 2436682.00
1310 2437962.00
1311 2439259.00
1312 2441845.00
1314 2436963.00
1316 2431525.00
1317 2433559.00
1318 2434975.00
1319 2436537.00
1321 2431388.00
1322 2432719.00
1323 2435314.00
1324 2441178.00
1325 2442448.00
1326 2444306.00
1327 2445652.00
1328 2448224.00
1329 2449653.00
1331 2445899.00
1332 2447236.00
1333 2450812.00
1334 2452174.00
1335 2454071.00
1336 2455379.00
1337 2457498.00
1338 2459293.00
1339 2461111.00
1340 2465939.00
1341 2467340.00
1342 2468885.00
1343 2470615.00
1344 2472374.00
1345 2473982.00
1346 2475592.00
1347 2476881.00
1349 2472674.00
1350 2474316.00
1351 2475899.00
1354 2464681.00
1355 2476188.00
1357 2470948.00
1358 2472581.00
1359 2474153.00
1360 2475511.00
1361 2477540.00
1363 2472917.00
1364 2474451.00
1367 2463270.00
1368 2465123.00
1370 2460896.00
1371 2462560.00
1372 2464127.00
1373 2465821.00
1375 2461116.00
1376 2462670.00
1377 2463970.00
1378 2465831.00
1380 2465079.00
1381 2466449.00
1382 2468550.00
1383 2469921.00
1386 2458709.00
1387 2460533.00
1388 2462173.00
1389 2463474.00
1390 2465332.00
1391 2466724.00
1392 2468231.00
1393 2470147.00
1394 2471495.00
1395 2474332.00
1396 2476173.00
1397 2477495.00
1398 2479016.00
1399 2482139.00
1401 2477002.00
1402 2478794.00
1403 2480391.00
1404 2481962.00
1405 2483586.00
1407 2478180.00
1443 2243601.00
1445 2238454.00
1446 2239998.00
1447 2242360.00
1448 2244025.00
1450 2238736.00
1451 2240603.00
1452 2242152.00
1471 2121883.00
1472 2123301.00
1475 2111563.00
1476 2114082.00
1478 2108910.00
1479 2110462.00
1480 2112291.00
1482 2106866.00
1498 2007085.00
1504 1974577.00
1505 1976689.00
1506 1978133.00
1509 1968304.00
1512 1956313.00
1513 1957875.00
1535 1816977.00
1538 1805505.00
1577 1549312.00
1578 1550828.00
1579 1552518.00
1580 1554385.00
1581 1556004.00
1582 1557525.00
1583 1560629.00
1585 1555439.00
1586 1556867.00
1587 1559367.00
1588 1560959.00
1589 1563029.00
1590 1564903.00
1591 1566495.00
1592 1568142.00
1594 1562932.00
1595 1564315.00
1596 1566390.00
1597 1567741.00
1598 1569394.00
1599 1570962.00
1600 1572938.00
1602 1567610.00
1603 1569200.00
1604 1570556.00
1605 1572471.00
1606 1575106.00
1609 1567544.00
1610 1569440.00
1611 1570684.00
1612 1573270.00
1613 1574637.00
1614 1576502.00
1616 1576882.00
1617 1578306.00
1618 1579967.00
1619 1581569.00
1620 1582862.00
1621 1584970.00
1622 1586288.00
1623 1587838.00
1625 1701620.00
1626 1703060.00
1627 1704786.00
1628 1706274.00
1629 1711570.00
1630 1713183.00
1633 1703166.00
1634 1708036.00
1635 1709770.00
1636 1711112.00
1637 1715664.00
1638 1721952.00
1640 1717013.00
1641 1718682.00
1642 1719997.00
1643 1724133.00
1645 1718677.00
1646 1720722.00
1647 1721877.00
1648 1723516.00
1649 1725603.00
1650 1727676.00
1651 1729053.00
1652 1730611.00
1653 1732239.00
1654 1735095.00
1655 1737692.00
1656 1739515.00
1657 1741634.00
1658 1743255.00
1659 1744843.00
1660 1746748.00
1661 1748023.00
1663 1742805.00
1664 1744693.00
1665 1746275.00
1666 1747924.00
1667 1749512.00
1669 1745169.00
1670 1746675.00
1671 1748231.00
1672 1749919.00
1673 1752513.00
1674 1754381.00
1676 1748915.00
1677 1751013.00
1678 1752346.00
1679 1753923.00
1681 1748636.00
1682 1750371.00
1683 1752000.00
1684 1753815.00
1685 1755216.00
1686 1756770.00
1687 1758614.00
1690 1747635.00
1691 1749012.00
1692 1751051.00
1693 1752408.00
1695 1759749.00
1698 1748337.00
1699 1750433.00
1700 1751742.00
1704 1738445.00
1705 1740078.00
1706 1741704.00
1707 1743998.00
1708 1745649.00
1709 1747261.00
1711 1742317.00
1712 1743938.00
1713 1745500.00
1714 1746885.00
1716 1741709.00
1717 1743563.00
1718 1745890.00
1719 1749292.00
1721 1743866.00
1722 1746365.00
1723 1747737.00
1724 1749564.00
1725 1750921.00
1727 1747471.00
1728 1748865.00
1730 1744175.00
1733 1732462.00
1734 1734329.00
1735 1737123.00
1736 1738798.00
1738 1745198.00
1739 1746736.00
1740 1750564.00
1741 1751911.00
1743 1746757.00
1744 1748602.00
1745 1750193.00
1746 1753318.00
1748 1747836.00
1749 1749611.00
1750 1751078.00
1752 1747065.00
1753 1748457.00
1754 1750298.00
1755 1751651.00
1757 1747073.00
1758 1748312.00
1759 1750001.00
1760 1751346.00
1762 1746710.00
1764 1744020.00
1766 1738796.00
1767 1740073.00
1768 1741877.00
1769 1743593.00
1770 1745132.00
1771 1746986.00
1772 1748621.00
1773 1750460.00
1774 1752093.00
1776 1746897.00
1777 1749499.00
1778 1750817.00
1779 1752458.00
1781 1747293.00
1782 1748880.00
1783 1750560.00
1784 1752833.00
1786 1747742.00
1787 1749486.00
1788 1751129.00
1789 1752668.00
1790 1754021.00
1791 1755626.00
1792 1758289.00
1793 1759835.00
1795 1754425.00
1796 1756523.00
1797 1757783.00
1798 1759410.00
1800 1754265.00
1801 1755834.00
1804 1745587.00
1805 1747175.00
1806 1749156.00
1807 1750634.00
1808 1752268.00
1809 1753867.00
1810 1755434.00
1811 1757768.00
1812 1759329.00
1814 1754177.00
1815 1755816.00
1816 1757659.00
1817 1759042.00
1819 1753835.00
1820 1755706.00
1821 1757361.00
1822 1758996.00
1824 1753745.00
1825 1755094.00
1826 1757146.00
1827 1758499.00
1828 1760063.00
1829 1762905.00
1833 1745428.00
1834 1747250.00
1836 1742129.00
1837 1743471.00
1838 1745407.00
1839 1747694.00
1840 1749394.00
1841 1750905.00
1843 1745575.00
1844 1747236.00
1845 1749086.00
1846 1750448.00
1865 1630128.00
1866 1631950.00
1868 1626829.00
1869 1628415.00
1871 1623217.00
1872 1624511.00
1873 1626641.00
1875 1621896.00
1876 1623523.00
1878 1618521.00
1879 1621213.00
1880 1622612.00
1881 1636109.00
1882 1637717.00
1884 1632704.00
1885 1634313.00
1886 1635686.00
1888 1631143.00
1889 1632993.00
1890 1634593.00
1891 1644338.00
1893 1640384.00
1894 1641753.00
1896 1637551.00
1898 1632130.00
1899 1634008.00
1900 1635358.00
1902 1629873.00
1903 1632010.00
1904 1633329.00
1906 1628421.00
1908 1624728.00
1909 1639438.00
1910 1642042.00
1912 1637012.00
1913 1638371.00
1914 1641000.00
1916 1635809.00
1918 1632219.00
1919 1709557.00
1920 1710839.00
1922 1707607.00
1923 1709130.00
1924 1711760.00
1927 1700270.00
1928 1707264.00
1929 1709838.00
1931 1706674.00
1932 1707969.00
1933 1709629.00
1934 1712620.00
1936 1707468.00
1937 1709058.00
1938 1710950.00
1939 1824472.00
1940 1825731.00
1941 1831571.00
1942 2536184.00
1944 2532423.00
1945 2535463.00
1946 2537152.00
1947 2538728.00
1948 2540063.00
1949 2541962.00
1950 2543521.00
1951 2546058.00
1952 2547839.00
1953 2549439.00
1954 2550908.00
1956 2552127.00
1957 2554038.00
1958 2555273.00
1961 2547870.00
1962 2551404.00
1963 2553440.00
1964 2555134.00
1965 2556899.00
1966 2561472.00
1967 2562782.00
1968 2565396.00
1969 2566988.00
1971 2587134.00
1972 2588955.00
1974 2585147.00
1975 2586606.00
1976 2593209.00
1977 2595683.00
1978 2597277.00
1980 2594112.00
1983 2594740.00
1984 2596284.00
1987 2585342.00
1989 2579905.00
1990 2582249.00
1991 2584153.00
1992 2585647.00
1994 2580232.00
1995 2702435.00
1996 2704733.00
1997 2708085.00
1998 2712390.00
1999 2715271.00
2000 2716978.00
2001 2722939.00
2002 2724489.00
2004 2719985.00
2005 2721962.00
2006 2725184.00
2007 2726719.00
2009 2722508.00
2010 2724357.00
2011 2725730.00
2012 2731262.00
2013 2732868.00
2015 2735240.00
2017 2730762.00
2018 2732522.00
2019 2734145.00
2021 2741119.00
2023 2736658.00
2024 2737997.00
2025 2740011.00
2027 2734539.00
2028 2736222.00
2029 2738498.00
2030 2740396.00
2032 2734989.00
2033 2736518.00
2034 2737903.00
2035 2739993.00
2037 2734542.00
2038 2736436.00
2039 2737815.00
2040 2739332.00
2042 2734440.00
2043 2736078.00
2044 2737378.00
2045 2739221.00
2047 2734042.00
2048 2735888.00
2049 2737297.00
2050 2738863.00
2051 2740545.00
2052 2742404.00
2054 2738417.00
2056 2733409.00
2057 2738689.00
2058 2740048.00
2059 2741676.00
2061 2736767.00
2064 2732802.00
2066 2727353.00
2068 2724491.00
2069 2727106.00
2071 2722547.00
2072 2724249.00
2073 2725884.00
2074 2727461.00
2075 2728820.00
2077 2724607.00
2078 2726273.00
2079 2727884.00
2080 2729280.00
2081 2731291.00
2082 2732625.00
2083 2734969.00
2084 2736892.00
2085 2738364.00
2086 2739904.00
2087 2741741.00
2088 2743000.00
2089 2744815.00
2090 2746458.00
2091 2748065.00
2092 2749428.00
2093 2751240.00
2094 2752898.00
2095 2755527.00
2096 2757564.00
2097 2759354.00
2098 2760691.00
2100 2755546.00
2101 2757417.00
2102 2759051.00
2103 2760364.00
2104 2762166.00
2105 2763526.00
2106 2765677.00
2107 2766947.00
2108 2768626.00
2109 2769925.00
2111 2765013.00
2113 2759819.00
2114 2761686.00
2115 2762991.00
2116 2764611.00
2118 2760173.00
2119 2762073.00
2120 2763385.00
2123 2751482.00
2124 2753343.00
2125 2754878.00
2126 2756471.00
2127 2759034.00
2128 2760441.00
2129 2762020.00
2130 2763644.00
2132 2758470.00
2133 2760103.00
2134 2761944.00
2135 2765004.00
2136 2766588.00
2137 2768017.00
2140 2755998.00
2141 2757869.00
2143 2752624.00
2144 2754246.00
2145 2755825.00
2146 2757169.00
2147 2759358.00
2160 2681300.00
2161 2682881.00
2163 2682401.00
2164 2684476.00
2166 2679311.00
2167 2681204.00
2168 2682792.00
2169 2684412.00
2170 2685756.00
2172 2681013.00
2173 2682384.00
2174 2684222.00
2176 2681756.00
2177 2683612.00
2179 2679422.00
2197 2565571.00
2198 2567704.00
2200 2562319.00
2305 1859486.00
2307 1853940.00
2308 1855586.00
2309 1857413.00
2311 1852934.00
2312 1854301.00
2313 1856869.00
2314 1858263.00
2316 1854531.00
2317 1855859.00
2318 1857492.00
2319 1859172.00
2320 1860941.00
2321 1862544.00
2322 1864147.00
2323 1865501.00
2326 1856060.00
2327 1857657.00
2329 1852535.00
2330 1854085.00
2331 1855731.00
2333 1850281.00
2334 1852392.00
2336 1846925.00
2337 1848754.00
2338 1850030.00
2342 1831398.00
2343 1833483.00
2344 1835109.00
2345 1836659.00
2346 1838272.00
2348 1833072.00
2349 1834939.00
2350 1836317.00
2351 1837877.00
2352 1839753.00
2354 1834543.00
2355 1861820.00
2356 1863095.00
2357 1864993.00
2358 1866333.00
2359 1868529.00
2360 1869842.00
2361 1871455.00
2363 1866026.00
2364 1868946.00
2383 1748225.00
2384 1749812.00
2386 1744697.00
2387 1746473.00
2389 1740967.00
2390 1742810.00
2392 1854553.00
2393 1856028.00
2394 1880809.00
2396 1875839.00
2397 1877449.00
2398 1879041.00
2400 1874392.00
2401 1876913.00
2402 1878291.00
2404 1873349.00
2405 1875950.00
2406 1877553.00
2408 1872394.00
2409 1874262.00
2410 1878097.00
2411 1879683.00
2413 1874508.00
2414 1875871.00
2417 1865261.00
2418 1866480.00
2420 1861253.00
2421 1863108.00
2422 1864659.00
2423 1866036.00
2425 1861070.00
2426 1862410.00
2427 1864432.00
2428 1865911.00
2430 1860703.00
2431 1862490.00
2433 1858297.00
2434 1859652.00
2436 1854531.00
2437 1856396.00
2438 1857924.00
2439 1859587.00
2443 1842810.00
2444 1844152.00
2446 1839029.00
2447 1840832.00
2448 1843202.00
2450 1837787.00
2451 1839368.00
2453 1835192.00
2454 1838204.00
2455 1839797.00
2456 1842676.00
2457 1843999.00
2458 1845863.00
2459 1847718.00
2460 1850464.00
2461 1851895.00
2463 1848927.00
2464 1850621.00
2465 1852409.00
2467 1847223.00
2468 1848830.00
2469 1850195.00
2471 1845492.00
2472 1846816.00
2473 1848453.00
2474 1849773.00
2476 1846061.00
2477 1847839.00
2478 1851725.00
2479 1855565.00
2482 1844389.00
2483 1845995.00
2484 1847558.00
2486 1842389.00
2487 1844243.00
2489 1840070.00
2491 1834636.00
2492 1836728.00
2493 1838092.00
2494 1839745.00
2496 1834530.00
2497 1836377.00
2498 1837753.00
2499 1839570.00
2501 1834154.00
2502 1835748.00
2503 1837584.00
2504 1839176.00
2506 1833967.00
2507 1835719.00
2508 1837030.00
2509 1839164.00
2510 1840408.00
2512 1835230.00
2513 1836805.00
2514 1838684.00
2515 1840366.00
2516 1841899.00
2517 1843199.00
2518 1845084.00
2519 1846678.00
2521 1841439.00
2522 1843112.00
2523 1844780.00
2524 1846571.00
2527 1835891.00
2528 1837304.00
2529 1839312.00
2532 1828043.00
2533 1830242.00
2534 1833018.00
2537 1822311.00
2538 1823860.00
2539 1825935.00
2541 1820571.00
2543 1817180.00
2544 1818717.00
2545 1820065.00
2546 1821970.00
2547 1823194.00
2549 1821461.00
2550 1823089.00
2552 1817896.00
2553 1819771.00
2555 1815087.00
2557 1809917.00
2558 1811495.00
2559 1813374.00
2561 1808078.00
2562 1810171.00
2563 1811927.00
2565 1806792.00
2567 1802602.00
2568 1804216.00
2570 1799297.00
2571 1800626.00
2572 1802207.00
2573 1804568.00
2576 1794003.00
2577 1795604.00
2579 1790372.00
2580 1791931.00
2581 1793517.00
2582 1794892.00
2586 1779630.00
2587 1781008.00
2588 1784235.00
2589 1786370.00
2590 1788197.00
2591 1789857.00
2593 1788219.00
2594 1792830.00
2595 1794185.00
2596 1795874.00
2598 1790660.00
2599 1792470.00
2600 1794111.00
2601 1795665.00
2603 1790368.00
2604 1792106.00
2605 1794503.00
2606 1796100.00
2607 1797357.00
2609 1792701.00
2610 1794057.00
2611 1795729.00
2612 1797405.00
2614 1792224.00
2619 1766960.00
2620 1768436.00
2621 1769824.00
2622 1771678.00
2624 1766211.00
2625 1768165.00
2626 1769679.00
2627 1771334.00
2630 1764732.00
2631 1766572.00
2632 1768203.00
2634 1762770.00
2635 1767406.00
2636 1770475.00
2655 1651049.00
2656 1652356.00
2661 1627116.00
2663 1622630.00
2664 1624295.00
2665 1625596.00
2666 1627500.00
2667 1629873.00
2668 1631385.00
2669 1632732.00
2671 1627837.00
2672 1629383.00
2673 1631234.00
2675 1625907.00
2676 1627552.00
2677 1629143.00
2679 1624102.00
2680 1626444.00
2681 1628540.00
2682 1629835.00
2684 1624913.00
2685 1626288.00
2686 1627897.00
2687 1629714.00
2689 1624741.00
2690 1625967.00
2691 1627871.00
2695 1613202.00
2696 1614642.00
2697 1616199.00
2698 1618505.00
2699 1620461.00
2701 1615972.00
2702 1617566.00
2703 1618890.00
2704 1620791.00
2705 1623158.00
2706 1624774.00
2708 1619282.00
2709 1622601.00
2710 1624214.00
2711 1625856.00
2713 1620686.00
2714 1622453.00
2715 1623814.00
2718 1612844.00
2719 1614233.00
2721 1609312.00
2722 1610670.00
2723 1612277.00
2724 1615108.00
2725 1616665.00
2726 1618020.00
2727 1620087.00
2729 1614668.00
2730 1616529.00
2731 1617885.00
2732 1619994.00
2734 1614562.00
2735 1616141.00
2736 1617524.00
2737 1619376.00
2739 1614222.00
2740 1616044.00
2742 1610718.00
2743 1613395.00
2744 1616433.00
2746 1611375.00
2747 1615651.00
2748 1617040.00
2749 1619000.00
2751 1617417.00
2753 1614746.00
2755 1609292.00
2756 1611362.00
2757 1612769.00
2758 1614338.00
2759 1615898.00
2761 1610759.00
2762 1613070.00
2763 1614837.00
2764 1616430.00
2766 1611356.00
2767 1612971.00
2768 1614621.00
2769 1615971.00
2771 1610875.00
2772 1612657.00
2773 1614204.00
2774 1615799.00
2777 1608533.00
2778 1610158.00
2779 1612012.00
2781 1606818.00
2782 1608471.00
2783 1609977.00
2784 1612395.00
2785 1614034.00
2786 1615542.00
2787 1617136.00
2788 1620270.00
2789 1621820.00
2790 1623164.00
2791 1625275.00
2792 1626654.00
2794 1621685.00
2795 1623058.00
2796 1624947.00
2797 1626698.00
2798 1628865.00
2799 1630201.00
2800 1632848.00
2801 1635386.00
2803 1630960.00
2804 1632542.00
2805 1636426.00
2806 1638594.00
2807 1639811.00
2808 1641180.00
2809 1642799.00
2811 1637594.00
2812 1639416.00
2813 1641046.00
2814 1646369.00
2817 1636105.00
2818 1637980.00
2819 1639602.00
2820 1640921.00
2821 1642946.00
2822 1644127.00
2823 1647689.00
2825 1642576.00
2826 1644369.00
2827 1645711.00
2828 1647465.00
2829 1648953.00
2830 1650784.00
2831 1652667.00
2832 1654217.00
2833 1655621.00
2835 1651049.00
2836 1652288.00
2837 1654081.00
2838 1656466.00
2839 1659073.00
2840 1660428.00
2842 1655734.00
2843 1657117.00
2844 1658695.00
2846 1653589.00
2849 1643034.00
2850 1644663.00
2851 1646570.00
2853 1641300.00
2854 1643431.00
2856 1639150.00
2858 1634030.00
2859 1635410.00
2860 1637236.00
2861 1638831.00
2863 1633638.00
2864 1635714.00
2866 1632330.00
2868 1628087.00
2869 1629975.00
2870 1631279.00
2871 1632938.00
2872 1634733.00
2874 1629541.00
2876 1624935.00
2877 1626959.00
2878 1628316.00
2879 1629914.00
2881 1624765.00
2882 1627817.00
2883 1629695.00
2885 1627021.00
2886 1629091.00
2888 1623674.00
2890 1620008.00
2891 1621356.00
2893 1618155.00
2894 1620201.00
2895 1621781.00
2897 1616845.00
2898 1619180.00
2899 1620531.00
2900 1622630.00
2901 1623969.00
2903 1618895.00
2904 1620493.00
2905 1622133.00
2906 1624401.00
2908 1619880.00
2909 1621562.00
2910 1623346.00
2912 1618649.00
2913 1627999.00
2914 1630521.00
2915 1631839.00
2917 1626794.00
2918 1628562.00
2919 1630151.00
2920 1631705.00
2921 1633360.00
2922 1697372.00
2923 1699272.00
2924 1700650.00
2925 1702297.00
2926 1704476.00
2927 1713102.00
2928 1714752.00
2931 1710174.00
2932 1718217.00
2934 1713437.00
2935 1714904.00
2936 1716563.00
2937 1717828.00
2938 1719655.00
2940 1921561.00
2941 1923029.00
2942 1927582.00
2944 1924005.00
2945 1925551.00
2946 1928563.00
2947 1930205.00
2948 1931882.00
2949 1933750.00
2950 2057379.00
2951 2059082.00
2953 2053757.00
2954 2055916.00
2956 2051951.00
2960 2034791.00
2961 2036389.00
2964 2025255.00
2966 2021585.00
2968 2016324.00
2969 2019193.00
2970 2023277.00
2972 2018278.00
2973 2019674.00
2974 2021188.00
2976 2017836.00
2977 2019688.00
2978 2021232.00
2979 2023075.00
2980 2024411.00
2983 2014692.00
2984 2016267.00
2985 2018247.00
2986 2020945.00
2988 2018989.00
2989 2020572.00
2990 2022670.00
2992 2017753.00
2993 2024063.00
2994 2026445.00
2995 2028980.00
2997 2023569.00
2998 2025182.00
2999 2026743.00
3001 2023498.00
3002 2028385.00
3003 2029942.00
3006 2030050.00
3007 2031918.00
3008 2033255.00
3010 2030049.00
3011 2032478.00
3012 2034173.00
3013 2035619.00
3015 2030539.00
3016 2031853.00
3017 2034689.00
3019 2029782.00
3020 2031806.00
3021 2033166.00
3022 2035527.00
3025 2037976.00
3027 2034348.00
3029 2029681.00
3030 2031583.00
3031 2033132.00
3032 2034743.00
3033 2036067.00
3034 2040179.00
3036 2034722.00
3037 2036610.00
3038 2038188.00
3039 2041997.00
3040 2043418.00
3043 2032418.00
3044 2034277.00
3046 2034751.00
3047 2039570.00
3048 2041411.00
3049 2044051.00
3050 2049379.00
3051 2051947.00
3052 2053508.00
3054 2049439.00
3055 2052203.00
3056 2060427.00
3058 2055997.00
3059 2058258.00
3060 2059658.00
3061 2062455.00
3063 2057042.00
3064 2059389.00
3065 2064211.00
3066 2065618.00
3068 2060651.00
3069 2062011.00
3070 2063884.00
3071 2065465.00
3072 2067016.00
3073 2069608.00
3074 2071456.00
3075 2072855.00
3077 2067633.00
3078 2069496.00
3079 2071884.00
3080 2076647.00
3081 2078476.00
3082 2082168.00
3083 2083791.00
3084 2085107.00
3086 2085123.00
3087 2087111.00
3088 2089684.00
3089 2092300.00
3091 2087263.00
3092 2088676.00
3094 2085514.00
3095 2087561.00
3096 2089984.00
3097 2094244.00
3099 2089371.00
3100 2090726.00
3101 2092506.00
3103 2088038.00
3105 2085091.00
3106 2086560.00
3107 2088341.00
3109 2082903.00
3110 2088406.00
3111 2089705.00
3112 2091363.00
3114 2087614.00
3115 2089010.00
3117 2083746.00
3118 2085692.00
3119 2087234.00
3120 2089335.00
3121 2093929.00
3122 2095259.00
3123 2096954.00
3125 2091518.00
3126 2093179.00
3127 2095015.00
3128 2097300.00
3131 2099946.00
3132 2102307.00
3133 2105091.00
3135 2100151.00
3136 2101905.00
3137 2103547.00
3139 2099670.00
3140 2101454.00
3142 2096154.00
3145 2085102.00
3146 2086514.00
3147 2089422.00
3149 2084115.00
3150 2085702.00
3151 2087205.00
3161 2027813.00
3163 2023382.00
3164 2028135.00
3165 2029999.00
3166 2032344.00
3168 2031579.00
3169 2033462.00
3170 2036034.00
3172 2030707.00
3173 2033947.00
3175 2029549.00
3176 2032843.00
3178 2028618.00
3179 2029950.00
3181 2024802.00
3213 1816804.00
3214 1821095.00
3215 1822466.00
3218 1813219.00
3220 1807796.00
3221 1809428.00
3222 1811252.00
3223 1812906.00
3243 1685480.00
3244 1687289.00
3245 1688680.00
3246 1690751.00
3247 1692105.00
3248 1719705.00
3249 1721980.00
3250 1723605.00
3251 1725429.00
3252 1726740.00
3253 1729347.00
3254 1730873.00
3255 1732462.00
3256 1734001.00
3257 1735516.00
3258 1738529.00
3259 1741092.00
3260 1742830.00
3261 1744304.00
3263 1738913.00
3264 1741028.00
3265 1920131.00
3266 1921363.00
3268 1917640.00
3269 1918956.00
3270 1921326.00
3271 1922977.00
3272 1924761.00
3273 1926207.00
3275 1921696.00
3276 1923379.00
3277 1925175.00
3279 1919708.00
3281 1914521.00
3282 1916404.00
3283 1917994.00
3285 1913306.00
3286 1914887.00
3287 1917982.00
3288 1919386.00
3290 1915144.00
3292 1909948.00
3293 1912579.00
3295 1907108.00
3296 1908761.00
3297 1910332.00
3300 1900604.00
3301 1901987.00
3302 1904617.00
3305 1894141.00
3306 1895726.00
3308 1891011.00
3309 1893061.00
3310 1894430.00
3311 1900219.00
3315 1882475.00
3316 1884772.00
3317 1886637.00
3318 1887969.00
3320 1884051.00
3321 1885662.00
3322 1887278.00
3324 1881840.00
3325 1883906.00
3327 1878610.00
3328 1880144.00
3329 1881749.00
3331 1876857.00
3332 1878372.00
3333 1880695.00
3334 1882072.00
3335 1883870.00
3336 1885510.00
3337 1887142.00
3338 1889483.00
3340 1884603.00
3341 1885874.00
3343 1880678.00
3344 1882032.00
3345 1884131.00
3347 1879477.00
3348 1881064.00
3349 1884394.00
3350 1886012.00
3352 1881052.00
3353 1882620.00
3354 1884289.00
3355 1886858.00
3357 1881432.00
3359 1876235.00
3360 1877862.00
3361 1879435.00
3362 1881280.00
3363 1882856.00
3365 1877448.00
3367 1874005.00
3369 1868660.00
3370 1871161.00
3371 1872832.00
3372 1874331.00
3374 1868924.00
3377 1862914.00
3378 1864562.00
3379 1865876.00
3381 1860945.00
3383 1855540.00
3384 1857422.00
3385 1861186.00
3387 1858434.00
3388 1860091.00
3389 1861670.00
3391 1859956.00
3392 1862068.00
3393 1864193.00
3395 1858690.00
3396 1860308.00
3397 1862410.00
3400 1852506.00
3401 1854282.00
3402 1855880.00
3404 1851192.00
3405 1852781.00
3407 1847850.00
3408 1849465.00
3411 1839280.00
3412 1840850.00
3413 1842524.00
3415 1837317.00
3416 1839112.00
3417 1840802.00
3418 1842066.00
3419 1843845.00
3420 1845462.00
3421 1847806.00
3423 1843713.00
3424 1845968.00
3425 1847662.00
3426 1854952.00
3429 1843649.00
3430 1846227.00
3431 1848108.00
3433 1842604.00
3434 1844176.00
3435 1846064.00
3436 1847640.00
3438 1842916.00
3439 1845060.00
3440 1846377.00
3441 1848111.00
3442 1849457.00
3443 1851276.00
3447 1833831.00
3448 1835591.00
3449 1837229.00
3452 1831748.00
3454 1827022.00
3455 1828340.00
3457 1823353.00
3458 1824837.00
3459 1826324.00
3460 1828153.00
3461 1829857.00
3462 1831198.00
3463 1832964.00
3465 1827761.00
3466 1829654.00
3468 1825254.00
3469 1827030.00
3470 1829861.00
3473 1819512.00
3475 1815745.00
3476 1817331.00
3477 1819010.00
3478 1820795.00
3480 1818577.00
3481 1819834.00
3482 1821680.00
3483 1823301.00
3484 1825128.00
3486 1819740.00
3488 1818991.00
3491 1806776.00
3492 1808622.00
3493 1814921.00
3495 1812721.00
3496 1815598.00
3497 1817229.00
3498 1818795.00
3500 1813600.00
3501 1816395.00
3502 1817782.00
3504 1812803.00
3506 1809131.00
3507 1811666.00
3509 1806749.00
3510 1808328.00
3537 1751388.00
3539 1747141.00
3540 1749137.00
3541 1751032.00
3542 1754886.00
3543 1756450.00
3544 1758381.00
3545 1759675.00
3546 1761348.00
3548 1756368.00
3549 1757951.00
3550 1759674.00
3551 1761199.00
3553 1756764.00
3554 1758352.00
3555 1764343.00
3556 1765971.00
3558 1760572.00
3559 1762149.00
3560 1763954.00
3561 1765591.00
3562 1767694.00
3563 1769762.00
3564 1771852.00
3565 1773440.00
3568 1762209.00
3569 1766016.00
3571 1761604.00
3572 1763481.00
3573 1765257.00
3575 1765608.00
3576 1767143.00
3577 1768752.00
3579 1763820.00
3580 1765178.00
3582 1761069.00
3583 1762354.00
3584 1764154.00
3586 1758752.00
3587 1760411.00
3588 1762207.00
3589 1763821.00
3590 1765435.00
3592 1762920.00
3593 1765267.00
3594 1766842.00
3596 1761705.00
3597 1763059.00
3598 1765164.00
3600 1759763.00
3601 1763007.00
3603 1763317.00
3604 1764854.00
3606 1759979.00
3607 1761559.00
3608 1763223.00
3610 1758008.00
3611 1759506.00
3612 1761955.00
3613 1763533.00
3616 1752560.00
3617 1753963.00
3619 1748750.00
3620 1750402.00
3621 1751956.00
3622 1756750.00
3624 1752102.00
3626 1751116.00
3627 1752404.00
3629 1747491.00
3630 1749150.00
3631 1750956.00
3632 1754764.00
3633 1758130.00
3634 1759713.00
3635 1762561.00
3636 1764121.00
3638 1758733.00
3639 1760338.00
3640 1762975.00
3642 1760448.00
3643 1762024.00
3645 1757261.00
3646 1758737.00
3647 1760334.00
3648 1761748.00
3649 1763626.00
3650 1768119.00
3651 1769736.00
3653 1764300.00
3654 1766153.00
3655 1767842.00
3656 1774386.00
3657 1775848.00
3658 1778422.00
3660 1773565.00
3661 1774923.00
3662 1776500.00
3663 1778058.00
3664 1779916.00
3665 1782277.00
3666 1784143.00
3667 1785794.00
3670 1775775.00
3671 1777351.00
3672 1779439.00
3673 1781286.00
3674 1782904.00
3675 1784449.00
3676 1786062.00
3678 1780623.00
3679 1782958.00
3680 1784086.00
3681 1785691.00
3683 1780534.00
3684 1782096.00
3685 1783958.00
3687 1778773.00
3689 1773826.00
3690 1775421.00
3691 1777048.00
3693 1772101.00
3695 1767932.00
3696 1769531.00
3698 1764472.00
3699 1765915.00
3700 1767289.00
3702 1764064.00
3703 1765960.00
3704 1768211.00
3705 1772065.00
3706 1774405.00
3707 1776283.00
3708 1778665.00
3709 1780449.00
3710 1782085.00
3711 1783711.00
3713 1778291.00
3714 1779894.00
3715 1781725.00
3716 1783332.00
3718 1778131.00
3719 1779716.00
3721 1780590.00
3723 1775265.00
3724 1776680.00
3725 1778510.00
3726 1780822.00
3728 1775665.00
3729 1777061.00
3730 1779144.00
3731 1780531.00
3732 1782030.00
3733 1783647.00
3734 1785254.00
3735 1787112.00
3736 1789468.00
3737 1790790.00
3740 1784366.00
3741 1785853.00
3742 1787450.00
3744 1782283.00
3745 1783668.00
3748 1772759.00
3752 1754434.00
3753 1756548.00
3754 1757830.00
3755 1759407.00
3757 1755218.00
3758 1756822.00
3759 1758151.00
3761 1753014.00
3762 1754619.00
3763 1756507.00
3764 1758044.00
3765 1759710.00
3766 1761033.00
3784 1647657.00
3786 1642550.00
3787 1644111.00
3788 1645740.00
3790 1640520.00
3791 1642868.00
3792 1646199.00
3794 1640740.00
3795 1642591.00
3796 1643903.00
3797 1649747.00
3799 1644698.00
3801 1643471.00
3802 1644985.00
3804 1639806.00
3806 1634874.00
3807 1636402.00
3809 1631749.00
3812 1620803.00
3813 1624607.00
3816 1616205.00
3817 1618567.00
3818 1621616.00
3820 1616959.00
3821 1618605.00
3822 1620352.00
3823 1621938.00
3825 1616473.00
3826 1618305.00
3827 1619716.00
3828 1621518.00
3830 1742099.00
3831 1743380.00
3832 1744932.00
3833 1750795.00
3834 1751962.00
3835 1753441.00
3836 1755317.00
3837 1756845.00
3838 1758445.00
3840 1753155.00
3841 1754917.00
3842 1756602.00
3844 1752625.00
3846 1747946.00
3847 1749753.00
3849 1744321.00
3850 1745949.00
3851 1747773.00
3853 1743576.00
3855 1739244.00
3856 1740990.00
3857 1742357.00
3858 1743944.00
3860 1739003.00
3861 1741976.00
3862 1743931.00
3863 1745195.00
3864 1873251.00
3865 1874789.00
3866 1876392.00
3867 1877704.00
3869 1873528.00
3870 1875139.00
3872 1870050.00
3873 1938693.00
3874 1940423.00
3875 1941772.00
3876 1943650.00
3877 1945240.00
3878 1946853.00
3880 1941460.00
3881 1943286.00
3882 1945649.00
3883 1948882.00
3884 1950277.00
3885 1951886.00
3887 1946454.00
3889 1942539.00
3890 1943874.00
3891 1945689.00
3892 1947113.00
3893 1948979.00
3895 1948723.00
3896 1950076.00
3897 1951570.00
3898 1953957.00
3900 1954090.00
3901 1955950.00
3902 1961208.00
3904 1956233.00
3905 1957551.00
3907 1952395.00
3908 1957256.00
3909 1958759.00
3911 1955779.00
3912 1957173.00
3913 1958989.00
3914 1960581.00
3916 1955725.00
3917 1957070.00
3918 1958451.00
3919 1960621.00
3920 1962171.00
3921 1964261.00
3922 1971578.00
3923 1973664.00
3924 1975135.00
3925 1983643.00
3926 1984984.00
3927 1987568.00
3929 1986806.00
3930 1988421.00
3931 1990018.00
3932 1991378.00
3935 1980949.00
3936 1982984.00
3937 1985590.00
3939 1980217.00
3940 1981756.00
3941 1983872.00
3942 1985804.00
3943 1987611.00
3944 1989681.00
3945 1992015.00
3946 1993614.00
3947 1995471.00
3949 1990267.00
3950 1991874.00
3951 1993458.00
3953 1989032.00
3954 1990655.00
3955 2003117.00
3957 1998633.00
3958 2000440.00
3959 2001883.00
3961 1997184.00
3962 1998577.00
3963 2000184.00
3964 2001765.00
3966 1996542.00
3967 1998884.00
3968 2000501.00
3969 2002156.00
3971 1997210.00
3972 1998491.00
3973 2000341.00
3974 2001721.00
3975 2003307.00
3976 2005866.00
3977 2007561.00
3978 2008898.00
3979 2012245.00
3980 2013560.00
3982 2008931.00
3984 2004153.00
3985 2005839.00
3986 2007118.00
3988 2002460.00
3989 2009756.00
3990 2011014.00
3991 2013143.00
3992 2015258.00
3994 2015223.00
3995 2016784.00
3996 2018675.00
3997 2020259.00
3998 2021685.00
3999 2024208.00
