4000
0 169680.00
1 252184.00
2 251705.00
3 258861.00
4 258454.00
5 258068.00
6 258412.00
7 258077.00
8 257720.00
9 257327.00
10 256963.00
11 256526.00
12 256140.00
13 255757.00
14 255542.00
15 254984.00
16 254418.00
17 262284.00
18 261793.00
19 261134.00
20 260568.00
21 260003.00
22 262051.00
23 261871.00
24 261306.00
25 260739.00
26 260171.00
27 259603.00
28 259036.00
29 258467.00
30 257898.00
31 257329.00
32 256763.00
33 256194.00
34 255627.00
35 255060.00
36 254491.00
37 253924.00
38 254538.00
39 254194.00
40 253703.00
41 253162.00
42 252595.00
43 252028.00
44 251461.00
45 250892.00
46 250324.00
47 249755.00
48 250481.00
49 249923.00
50 250001.00
51 249440.00
52 248873.00
53 249481.00
54 248979.00
55 248413.00
56 248603.00
57 248046.00
58 248322.00
59 247762.00
60 247496.00
61 247777.00
62 247219.00
63 246653.00
64 246938.00
65 246390.00
66 246964.00
67 247177.00
68 246687.00
69 246120.00
70 246634.00
71 246073.00
72 245506.00
73 244935.00
74 245238.00
75 244686.00
76 244116.00
77 243549.00
78 252031.00
79 252260.00
80 251704.00
81 251137.00
82 250567.00
83 249997.00
84 249428.00
85 248859.00
86 248578.00
87 248019.00
88 247462.00
89 246910.00
90 246368.00
92 246250.00
91 246845.00
93 245776.00
94 245206.00
95 244643.00
96 244076.00
97 243506.00
98 242939.00
99 242371.00
100 241802.00
101 241478.00
102 240955.00
103 240386.00
104 240685.00
105 241401.00
106 240849.00
107 241121.00
108 240575.00
109 241051.00
110 240489.00
111 239919.00
112 240052.00
113 239509.00
114 239757.00
115 239192.00
116 238621.00
117 238460.00
118 238674.00
119 238112.00
120 246566.00
121 246009.00
122 246374.00
123 246780.00
124 246230.00
125 245668.00
126 245100.00
127 244526.00
129 243378.00
128 243963.00
130 242815.00
131 244233.00
132 243666.00
133 243214.00
134 242645.00
135 242752.00
136 242187.00
137 241618.00
138 241056.00
139 241263.00
140 240697.00
141 240564.00
142 239996.00
143 239837.00
144 239254.00
145 238691.00
146 237728.00
147 237122.00
148 236522.00
149 235866.00
150 236118.00
151 235379.00
152 236038.00
153 235445.00
154 235664.00
155 235198.00
156 235472.00
157 235999.00
158 236331.00
159 235764.00
160 236275.00
161 235842.00
162 236052.00
164 236224.00
163 236815.00
165 236291.00
166 236589.00
167 236270.00
168 236768.00
169 236303.00
170 236038.00
171 236747.00
172 236181.00
173 236426.00
174 236538.00
175 235970.00
176 236676.00
177 236141.00
178 235571.00
179 235832.00
180 236443.00
181 235881.00
182 236173.00
183 236513.00
184 237069.00
185 236505.00
186 236735.00
187 237473.00
188 236914.00
189 236342.00
190 236483.00
191 236787.00
192 236228.00
193 236843.00
194 237175.00
195 236616.00
196 236048.00
197 235479.00
198 236039.00
199 235475.00
200 234935.00
201 235114.00
202 234456.00
203 233878.00
204 233312.00
205 233906.00
206 233377.00
207 233602.00
208 233035.00
209 232498.00
210 231929.00
211 232243.00
212 231681.00
213 231112.00
214 231844.00
215 231338.00
216 230768.00
217 230199.00
218 230207.00
219 229645.00
220 230321.00
221 229756.00
222 229884.00
223 229315.00
224 228746.00
225 228311.00
226 228569.00
227 228361.00
228 227794.00
229 227231.00
230 228014.00
231 227464.00
232 226895.00
233 226326.00
234 226024.00
235 225493.00
236 225188.00
237 224621.00
238 224818.00
239 224252.00
240 223683.00
241 223897.00
242 223337.00
243 222793.00
244 223378.00
245 222817.00
246 222248.00
247 221679.00
248 229893.00
249 229361.00
250 228795.00
251 228225.00
252 227655.00
253 227086.00
254 226689.00
255 226121.00
256 225547.00
257 225056.00
258 224484.00
259 223912.00
260 223342.00
261 222771.00
262 222201.00
263 222655.00
264 222093.00
265 221528.00
266 220958.00
267 220756.00
268 220188.00
269 219737.00
270 219167.00
271 218599.00
272 218026.00
273 217457.00
274 216886.00
275 216313.00
276 215742.00
277 215173.00
278 214604.00
279 214035.00
280 213466.00
281 213892.00
282 213367.00
283 212808.00
284 213059.00
285 212494.00
286 211940.00
287 212209.00
288 212770.00
289 212205.00
290 211639.00
291 212249.00
292 211693.00
293 211156.00
294 210586.00
295 210810.00
296 210240.00
297 209759.00
298 209915.00
299 210356.00
300 209806.00
301 218269.00
302 217743.00
303 217160.00
304 216605.00
305 216121.00
309 213804.00
306 215572.00
307 215001.00
308 214539.00
310 213396.00
311 212827.00
312 212264.00
313 211720.00
314 211150.00
315 210580.00
316 210011.00
317 210888.00
318 210357.00
319 209788.00
320 209218.00
323 207490.00
321 208655.00
322 208087.00
324 206937.00
325 206366.00
326 205797.00
327 205226.00
328 204655.00
329 204084.00
330 204607.00
331 204799.00
332 205515.00
333 204952.00
334 205254.00
335 204687.00
336 204823.00
337 204255.00
338 203720.00
339 203949.00
340 203434.00
341 203214.00
342 203560.00
343 203046.00
345 201900.00
344 202487.00
346 202069.00
347 202704.00
348 202136.00
349 201566.00
350 201865.00
351 201341.00
352 200780.00
353 200963.00
354 200394.00
355 200204.00
356 200518.00
357 200729.00
358 200245.00
359 199685.00
360 199117.00
361 199739.00
362 199177.00
363 198607.00
364 198038.00
365 198174.00
366 197611.00
367 197068.00
368 196501.00
369 197116.00
370 196556.00
371 195988.00
372 195418.00
373 195642.00
374 196254.00
375 195693.00
376 195132.00
377 195351.00
378 194786.00
379 194254.00
380 193688.00
381 194270.00
382 193703.00
383 193163.00
384 193373.00
385 192812.00
386 193063.00
387 192530.00
388 191966.00
389 191398.00
390 199961.00
391 199420.00
392 198851.00
393 198282.00
394 197712.00
395 197142.00
396 196571.00
397 196000.00
398 195431.00
399 194858.00
400 194289.00
401 193716.00
402 193147.00
403 192579.00
404 192008.00
405 191436.00
406 192284.00
407 191728.00
408 191157.00
409 190610.00
410 194226.00
411 193666.00
412 193096.00
413 192522.00
414 191955.00
415 191387.00
416 190821.00
417 190252.00
418 189686.00
419 189126.00
420 188559.00
421 187989.00
422 187422.00
423 186856.00
424 186288.00
425 185720.00
426 186614.00
427 186057.00
428 185492.00
429 184925.00
430 184342.00
431 183784.00
432 183214.00
433 182848.00
434 182315.00
435 181750.00
436 181182.00
437 180611.00
438 180061.00
439 179513.00
440 179661.00
441 179098.00
442 178529.00
443 179216.00
444 178653.00
445 178889.00
446 187575.00
447 187030.00
448 186464.00
449 185895.00
450 185326.00
451 184757.00
452 184187.00
453 183618.00
454 184431.00
455 183867.00
456 183310.00
457 182739.00
458 182171.00
459 188062.00
460 187545.00
461 186981.00
462 186416.00
463 185850.00
464 185279.00
465 184707.00
466 184135.00
467 183565.00
468 182994.00
469 182429.00
470 181861.00
471 181293.00
472 180724.00
473 180154.00
474 179585.00
475 179581.00
476 179037.00
477 178468.00
478 177897.00
479 177327.00
480 176756.00
481 176188.00
482 175626.00
483 175057.00
484 174486.00
485 173917.00
486 173344.00
487 172891.00
488 172323.00
489 171779.00
490 172081.00
491 171517.00
492 170952.00
493 170399.00
494 170532.00
495 169967.00
496 169460.00
497 169233.00
498 177388.00
499 176874.00
500 176308.00
501 175741.00
502 175196.00
503 174709.00
504 174173.00
505 173611.00
506 173045.00
507 172486.00
508 171920.00
509 171358.00
510 171953.00
511 171396.00
512 170825.00
513 170256.00
514 174135.00
515 173586.00
516 173019.00
517 172451.00
518 171904.00
519 171337.00
520 170771.00
521 170202.00
522 169637.00
523 169066.00
524 168496.00
525 167928.00
526 167355.00
527 166786.00
528 166214.00
529 165644.00
530 165076.00
531 164505.00
532 165389.00
533 164825.00
534 164301.00
535 163775.00
536 163211.00
537 162641.00
538 162072.00
539 161502.00
540 160932.00
541 160363.00
542 159792.00
543 159222.00
544 158653.00
545 158322.00
546 157756.00
547 157981.00
548 157416.00
549 156854.00
550 156311.00
551 156651.00
552 156092.00
553 155522.00
554 154953.00
555 155476.00
556 155787.00
557 155204.00
558 154653.00
559 154085.00
560 154369.00
561 153805.00
562 153234.00
563 153854.00
564 153289.00
565 152725.00
566 152156.00
567 152394.00
568 151843.00
569 152405.00
570 151917.00
571 151348.00
572 150785.00
573 150213.00
574 150350.00
575 149785.00
576 149216.00
577 148659.00
578 148098.00
579 156568.00
580 156009.00
581 155441.00
582 154874.00
583 155215.00
584 154652.00
585 154117.00
586 153551.00
587 153038.00
588 152473.00
589 151910.00
590 151345.00
591 150780.00
592 150214.00
593 149645.00
594 149078.00
595 148655.00
596 148092.00
597 148705.00
598 148148.00
599 147667.00
600 147309.00
601 146762.00
602 146197.00
603 145629.00
604 145055.00
605 144529.00
606 143960.00
607 143393.00
608 142940.00
609 142963.00
610 143624.00
611 143055.00
612 142485.00
613 141951.00
614 142225.00
615 141658.00
616 141089.00
617 140519.00
618 141119.00
619 140551.00
620 139979.00
621 139429.00
622 139532.00
623 138964.00
624 139620.00
625 139057.00
626 139322.00
627 138753.00
628 138189.00
629 137619.00
630 138008.00
631 137444.00
632 136878.00
633 136999.00
634 137631.00
635 137069.00
636 137377.00
637 137975.00
638 137406.00
639 136839.00
640 136269.00
641 144778.00
642 144307.00
643 143739.00
644 143168.00
645 142598.00
646 142027.00
647 141459.00
648 140889.00
649 140319.00
650 139749.00
651 139178.00
652 138610.00
653 138040.00
654 137470.00
655 136900.00
656 136327.00
657 137169.00
661 134869.00
658 136624.00
659 136053.00
660 135484.00
662 134334.00
663 133765.00
664 133199.00
665 132651.00
666 132082.00
667 131703.00
668 131150.00
669 130582.00
670 130019.00
671 129456.00
672 129711.00
673 129151.00
674 128585.00
675 128015.00
676 128292.00
677 127731.00
678 127160.00
679 126985.00
680 127256.00
681 126692.00
682 126124.00
683 125553.00
684 125727.00
685 125175.00
686 124607.00
687 124069.00
688 125600.00
690 124495.00
689 125083.00
691 123955.00
692 131175.00
693 130653.00
695 129503.00
694 130087.00
696 128987.00
697 128431.00
698 127862.00
699 127291.00
700 126722.00
701 126164.00
702 125597.00
703 125042.00
704 124470.00
705 123900.00
706 123380.00
707 122808.00
708 122238.00
709 121683.00
710 122635.00
711 122085.00
712 121556.00
713 120986.00
714 120416.00
715 119845.00
716 119274.00
717 118705.00
718 118134.00
719 117564.00
720 116993.00
721 117587.00
722 117029.00
723 116463.00
724 116722.00
725 116166.00
726 115596.00
727 116255.00
728 115694.00
729 115123.00
730 114554.00
731 114727.00
732 114166.00
733 113597.00
734 113057.00
735 113205.00
736 112648.00
737 112904.00
738 112343.00
739 111775.00
740 111205.00
741 119821.00
742 119275.00
743 118708.00
744 118138.00
745 117567.00
746 118986.00
747 118425.00
748 117857.00
749 117286.00
750 116716.00
751 116937.00
752 116377.00
753 115807.00
754 115251.00
755 115008.00
756 115288.00
757 114722.00
758 114151.00
759 113581.00
760 113902.00
761 113357.00
762 112795.00
763 112227.00
764 111668.00
765 111098.00
766 110527.00
767 109957.00
768 109387.00
769 108816.00
770 108245.00
771 107673.00
772 107263.00
773 106695.00
774 106173.00
775 105942.00
776 105364.00
777 113938.00
778 113413.00
779 112846.00
780 112276.00
781 111707.00
782 111140.00
783 110571.00
784 110007.00
785 109435.00
786 108866.00
787 108295.00
788 107726.00
789 107155.00
790 108454.00
791 107902.00
792 107334.00
793 106764.00
794 106193.00
795 105626.00
796 105059.00
797 104494.00
798 103922.00
799 103351.00
800 102779.00
801 103002.00
802 102724.00
803 102257.00
804 102425.00
805 101858.00
806 102205.00
807 101642.00
808 102184.00
809 101619.00
810 101861.00
811 101274.00
812 100732.00
813 100165.00
814 100370.00
815 99809.00
816 100490.00
817 99934.00
818 99365.00
819 98797.00
820 98969.00
821 98403.00
822 97857.00
823 98500.00
824 97943.00
825 97377.00
826 96808.00
827 97066.00
828 96497.00
829 95927.00
830 96567.00
831 95998.00
832 95427.00
833 94860.00
834 95054.00
835 94487.00
836 93915.00
837 102545.00
838 102030.00
839 102070.00
840 101507.00
841 100939.00
842 100703.00
843 100143.00
844 99584.00
845 99024.00
846 98458.00
847 97891.00
848 97326.00
849 96759.00
850 96194.00
851 96847.00
852 96308.00
853 95742.00
854 95174.00
855 94608.00
856 94040.00
857 93713.00
858 93145.00
859 92606.00
860 92059.00
861 92406.00
862 92895.00
863 92329.00
864 91799.00
865 92239.00
866 91674.00
867 91102.00
868 91601.00
869 91092.00
870 90526.00
871 89960.00
872 90079.00
873 89514.00
874 88944.00
875 89547.00
876 88980.00
877 88418.00
878 87847.00
879 88071.00
880 87520.00
881 87799.00
882 87232.00
883 86994.00
884 87391.00
885 86824.00
886 86963.00
887 86404.00
888 85842.00
889 85275.00
890 85524.00
891 84967.00
892 84693.00
893 84131.00
894 84437.00
895 83872.00
896 83305.00
897 83517.00
898 82974.00
899 82406.00
900 81839.00
901 82412.00
902 81844.00
903 81282.00
904 80713.00
905 80991.00
906 81631.00
907 81062.00
908 80495.00
909 79926.00
910 80192.00
911 79625.00
912 79088.00
913 79410.00
914 78849.00
915 78580.00
916 78012.00
917 77950.00
918 77402.00
919 77106.00
920 77362.00
921 76813.00
922 76366.00
923 75828.00
924 75259.00
925 74690.00
926 74783.00
927 74222.00
928 74062.00
929 73529.00
930 81528.00
931 80996.00
932 80423.00
933 79854.00
934 79285.00
935 78716.00
936 78144.00
937 77575.00
938 76993.00
939 76434.00
940 75864.00
941 75294.00
942 74726.00
943 74171.00
944 73851.00
945 73296.00
946 72728.00
947 76717.00
948 86291.00
949 85753.00
950 85187.00
951 84618.00
952 84047.00
953 83479.00
954 82909.00
955 82340.00
956 81770.00
957 81199.00
958 82106.00
959 81544.00
960 80975.00
961 80426.00
962 79859.00
963 79289.00
964 78722.00
965 78151.00
966 77582.00
967 77013.00
968 76743.00
969 76178.00
970 77359.00
971 76797.00
972 76227.00
973 75659.00
974 75089.00
975 74733.00
976 74964.00
977 74400.00
978 74747.00
979 74185.00
980 74811.00
981 75081.00
982 75824.00
983 75956.00
984 76167.00
985 75601.00
986 76333.00
987 75782.00
988 75950.00
989 75493.00
990 74929.00
991 75466.00
992 74908.00
993 74340.00
994 74664.00
995 74099.00
996 73528.00
997 72960.00
998 73524.00
999 72963.00
1000 72400.00
1001 72512.00
1002 72030.00
1003 72220.00
1004 82849.00
1005 82288.00
1006 81885.00
1007 81319.00
1008 80750.00
1009 80180.00
1010 79611.00
1011 79042.00
1012 78473.00
1013 77903.00
1014 77332.00
1016 76184.00
1015 76771.00
1017 75622.00
1018 75052.00
1019 74483.00
1020 73913.00
1021 73342.00
1022 72908.00
1023 73870.00
1024 73319.00
1025 72814.00
1026 72319.00
1027 72665.00
1028 72104.00
1029 71562.00
1030 70990.00
1031 70423.00
1032 70710.00
1033 70150.00
1034 69582.00
1035 69753.00
1036 69573.00
1037 69044.00
1038 68478.00
1039 68778.00
1040 68249.00
1041 68352.00
1042 67808.00
1043 74317.00
1044 73756.00
1045 73186.00
1046 73707.00
1047 73167.00
1048 73501.00
1049 72951.00
1050 72395.00
1051 71828.00
1052 80272.00
1053 79739.00
1054 79183.00
1055 78614.00
1056 78044.00
1057 77475.00
1058 76907.00
1059 76334.00
1060 75766.00
1061 75193.00
1062 74625.00
1063 75632.00
1064 75071.00
1065 74489.00
1066 73962.00
1067 73402.00
1068 73100.00
1069 72559.00
1070 71991.00
1071 71423.00
1072 85820.00
1073 85289.00
1074 84723.00
1075 84154.00
1076 83585.00
1077 83016.00
1078 82447.00
1079 81878.00
1080 81312.00
1081 80744.00
1082 80176.00
1083 79605.00
1084 79035.00
1085 78466.00
1086 79311.00
1087 78752.00
1088 78407.00
1089 77850.00
1090 77282.00
1091 76713.00
1092 76144.00
1093 75579.00
1094 75012.00
1095 74445.00
1096 73876.00
1097 73308.00
1098 74447.00
1099 73887.00
1100 156116.00
1101 155584.00
1102 155017.00
1103 154447.00
1104 153877.00
1223 82428.00
1224 82164.00
1225 81609.00
1226 81041.00
1227 80464.00
1228 79882.00
1229 79466.00
1230 78894.00
1231 78313.00
1232 77729.00
1233 78614.00
1234 78043.00
1235 77429.00
1236 83750.00
1237 83188.00
1238 84576.00
1239 84038.00
1240 83457.00
1241 82873.00
1242 82296.00
1243 81710.00
1244 81127.00
1245 80545.00
1246 79960.00
1247 79672.00
1248 80347.00
1249 79779.00
1250 79529.00
1251 78959.00
1252 78375.00
1253 77790.00
1254 77240.00
1255 76630.00
1256 76059.00
1257 75506.00
1258 74927.00
1259 75053.00
1260 74477.00
1261 75240.00
1262 74664.00
1263 74673.00
1264 74093.00
1265 74751.00
1266 74977.00
1267 74402.00
1268 76378.00
1269 75814.00
1270 75238.00
1271 74657.00
1272 74031.00
1273 73898.00
1275 73571.00
1274 74173.00
1276 74193.00
1277 73616.00
1278 74818.00
1279 74239.00
1280 74973.00
1281 74393.00
1282 74536.00
1283 75074.00
1284 74558.00
1285 74838.00
1286 75419.00
1287 75607.00
1288 75024.00
1289 75674.00
1290 75098.00
1291 74517.00
1292 73943.00
1293 74139.00
1294 73555.00
1295 75047.00
1296 74578.00
1297 73998.00
1298 73414.00
1299 72829.00
1300 72881.00
1301 72305.00
1302 71728.00
1303 71142.00
1304 70560.00
1305 71166.00
1306 70589.00
1307 70012.00
1308 69431.00
1309 68851.00
1310 69138.00
1311 68562.00
1312 67987.00
1313 69022.00
1314 77807.00
1315 81265.00
1316 80693.00
1317 80112.00
1318 79532.00
1319 78929.00
1321 78592.00
1320 79204.00
1322 78036.00
1323 77453.00
1324 76869.00
1325 77213.00
1326 76825.00
1327 76251.00
1328 78285.00
1329 77716.00
1330 77545.00
1331 76970.00
1332 79212.00
1333 78617.00
1334 78041.00
1335 77462.00
1336 77711.00
1337 77152.00
1338 76573.00
1339 76004.00
1340 76203.00
1341 75630.00
1342 75050.00
1343 74779.00
1344 74978.00
1345 74406.00
1346 74730.00
1347 74994.00
1348 74420.00
1349 73839.00
1350 74354.00
1351 73781.00
1352 74033.00
1353 73460.00
1354 74041.00
1355 73479.00
1356 73659.00
1357 73081.00
1358 72499.00
1359 73232.00
1360 72657.00
1361 72842.00
1362 73428.00
1363 72851.00
1364 73170.00
1365 72602.00
1366 72924.00
1367 72344.00
1368 80863.00
1369 80314.00
1370 79738.00
1371 79162.00
1373 77997.00
1372 78595.00
1374 77429.00
1375 76861.00
1376 76281.00
1377 75702.00
1378 75122.00
1379 76113.00
1381 75042.00
1380 75644.00
1382 74476.00
1383 73892.00
1384 74212.00
1385 82777.00
1386 82214.00
1387 81634.00
1388 81050.00
1389 82341.00
1390 81794.00
1391 81218.00
1392 80636.00
1393 80070.00
1394 79491.00
1395 78910.00
1396 78336.00
1397 77757.00
1398 77179.00
1399 76599.00
1400 76022.00
1401 75443.00
1402 74865.00
1403 74292.00
1404 78560.00
1405 78010.00
1406 77426.00
1407 76846.00
1408 76263.00
1409 75683.00
1410 75104.00
1411 74523.00
1412 73942.00
1413 74937.00
1414 74410.00
1415 73828.00
1416 73253.00
1417 72677.00
1418 72121.00
1419 71541.00
1420 70959.00
1421 71416.00
1422 71800.00
1423 74508.00
1425 74041.00
1424 74669.00
1426 73516.00
1427 73812.00
1428 73473.00
1429 72931.00
1430 73200.00
1431 73469.00
1432 73202.00
1433 72620.00
1434 72859.00
1435 72284.00
1436 71700.00
1437 72799.00
1438 72227.00
1439 71932.00
1440 71352.00
1441 71616.00
1442 73104.00
1443 72528.00
1444 80807.00
1445 80233.00
1446 79644.00
1447 79073.00
1448 78490.00
1449 78076.00
1450 77523.00
1451 76946.00
1454 75177.00
1452 76369.00
1453 75786.00
1455 74612.00
1456 75679.00
1457 75104.00
1458 86572.00
1459 86006.00
1460 85429.00
1461 84848.00
1462 84268.00
1463 83686.00
1464 83107.00
1465 82527.00
1466 81946.00
1467 81366.00
1468 82717.00
1469 82145.00
1470 81564.00
1471 80990.00
1472 80411.00
1473 79829.00
1474 79255.00
1475 78641.00
1476 78056.00
1477 77517.00
1478 76936.00
1479 78121.00
1480 77576.00
1481 77013.00
1482 76428.00
1483 75844.00
1484 75261.00
1485 74678.00
1486 76871.00
1487 76295.00
1488 76072.00
1489 75503.00
1490 74924.00
1491 74341.00
1492 73754.00
1493 73170.00
1494 72586.00
1495 72795.00
1496 72219.00
1497 72482.00
1498 73688.00
1499 73340.00
1500 73560.00
1501 82186.00
1502 81627.00
1503 81009.00
1504 80425.00
1505 79840.00
1506 79258.00
1507 78673.00
1508 78090.00
1509 77500.00
1510 78789.00
1511 78214.00
1512 77633.00
1513 77054.00
1514 76472.00
1515 76739.00
1516 76158.00
1517 76767.00
1518 76192.00
1519 75611.00
1520 75847.00
1521 75279.00
1522 75603.00
1523 75033.00
1524 74454.00
1525 74906.00
1526 75496.00
1527 74918.00
1528 75126.00
1529 75383.00
1530 75283.00
1531 75506.00
1532 75767.00
1533 76334.00
1534 75753.00
1535 76027.00
1536 75447.00
1537 75713.00
1538 75132.00
1539 75422.00
1540 74842.00
1541 75606.00
1542 75076.00
1543 74494.00
1544 73927.00
1545 73924.00
1546 73344.00
1547 73967.00
1548 74554.00
1549 73979.00
1550 73397.00
1551 73739.00
1552 73195.00
1553 72612.00
1554 72029.00
1555 80167.00
1556 79595.00
1557 79014.00
1558 78430.00
1559 77848.00
1560 77260.00
1561 76855.00
1562 76277.00
1563 75698.00
1564 75120.00
1565 74591.00
1566 74023.00
1567 73442.00
1568 72862.00
1569 72280.00
1570 71701.00
1571 81921.00
1572 81398.00
1573 80806.00
1574 80237.00
1575 79657.00
1576 79077.00
1577 78494.00
1578 77908.00
1579 77325.00
1580 78464.00
1581 77887.00
1582 77312.00
1583 76728.00
1584 76170.00
1585 75591.00
1586 75009.00
1587 77404.00
1588 76827.00
1589 76960.00
1590 76380.00
1591 76975.00
1592 76397.00
1593 76615.00
1594 78059.00
1595 77480.00
1596 77745.00
1597 78331.00
1598 77773.00
1599 78402.00
1600 78660.00
1601 78097.00
1602 78305.00
1603 77728.00
1604 77149.00
1605 77776.00
1606 77195.00
1607 77548.00
1608 85961.00
1609 85422.00
1610 84838.00
1611 84256.00
1612 83675.00
1613 83145.00
1614 82567.00
1615 81985.00
1616 81404.00
1617 80823.00
1618 80245.00
1619 79662.00
1620 79083.00
1621 78503.00
1622 77921.00
1623 77343.00
1624 76759.00
1625 77614.00
1626 77036.00
1627 76483.00
1628 75901.00
1629 75317.00
1630 74733.00
1631 74149.00
1632 73566.00
1633 74140.00
1634 73562.00
1635 72976.00
1636 73216.00
1637 74684.00
1638 75357.00
1639 74777.00
1640 74946.00
1641 75597.00
1642 75021.00
1643 74437.00
1644 74603.00
1645 74024.00
1646 73480.00
1647 73695.00
1648 73481.00
1649 72957.00
1650 73105.00
1651 72524.00
1652 71942.00
1653 71373.00
1654 71652.00
1655 71074.00
1656 70504.00
1657 69921.00
1658 70492.00
1659 69911.00
1660 74297.00
1661 73738.00
1662 73160.00
1663 73455.00
1664 72878.00
1665 72296.00
1666 71715.00
1667 71836.00
1668 71268.00
1669 71063.00
1670 71250.00
1671 70685.00
1672 70105.00
1673 70337.00
1674 69733.00
1675 69162.00
1676 69502.00
1677 68928.00
1678 69487.00
1679 73147.00
1680 72571.00
1681 71987.00
1682 71404.00
1683 71568.00
1684 70994.00
1685 70444.00
1687 78156.00
1686 78764.00
1688 77589.00
1689 77007.00
1690 76428.00
1691 77831.00
1692 77261.00
1693 76677.00
1694 76094.00
1695 78460.00
1696 83817.00
1697 83257.00
1698 82675.00
1699 82092.00
1700 81493.00
1701 80938.00
1702 80368.00
1703 79786.00
1704 79201.00
1705 78618.00
1706 78034.00
1707 79346.00
1708 78777.00
1709 78194.00
1710 77614.00
1711 77032.00
1712 76450.00
1713 75867.00
1714 76012.00
1715 77578.00
1716 77001.00
1717 76453.00
1718 77012.00
1719 76450.00
1720 76726.00
1721 76153.00
1722 75572.00
1723 75920.00
1724 75346.00
1725 76033.00
1726 75457.00
1727 75620.00
1728 77065.00
1729 76526.00
1730 75944.00
1731 75364.00
1732 75654.00
1733 75104.00
1734 75330.00
1735 74753.00
1736 75290.00
1737 74722.00
1738 74138.00
1739 74411.00
1740 73832.00
1741 74170.00
1742 73591.00
1743 74256.00
1744 73676.00
1745 73901.00
1746 73350.00
1747 72769.00
1748 73382.00
1749 72803.00
1750 72310.00
1751 76307.00
1752 75747.00
1753 76405.00
1754 75838.00
1755 75258.00
1756 75498.00
1757 74920.00
1758 74339.00
1759 73758.00
1760 81884.00
1761 81576.00
1762 81023.00
1763 80451.00
1764 79869.00
1765 79362.00
1766 78782.00
1767 78203.00
1768 77622.00
1769 77042.00
1770 76459.00
1771 75879.00
1772 77337.00
1773 76764.00
1774 76187.00
1775 75604.00
1776 75024.00
1777 74443.00
1778 73862.00
1779 73282.00
1780 73344.00
1781 72766.00
1782 72182.00
1783 72431.00
1784 71850.00
1785 71334.00
1786 71899.00
1787 80529.00
1788 79992.00
1789 80923.00
1790 80397.00
1791 79814.00
1792 79229.00
1793 78644.00
1794 78061.00
1795 77752.00
1796 77183.00
1797 78220.00
1798 77657.00
1799 77073.00
1800 76490.00
1801 75908.00
1802 75647.00
1803 75544.00
1804 76182.00
1805 75689.00
1806 75788.00
1807 85096.00
1808 85633.00
1809 85054.00
1810 84481.00
1811 83896.00
1812 83311.00
1813 82729.00
1814 84224.00
1815 83675.00
1816 83113.00
1817 82536.00
1818 81956.00
1819 81375.00
1820 80794.00
1821 80211.00
1822 79630.00
1823 80871.00
1824 80302.00
1825 79721.00
1826 80005.00
1827 80601.00
1828 80853.00
1829 82383.00
1830 81810.00
1831 82059.00
1832 82658.00
1833 82847.00
1834 82313.00
1835 81767.00
1836 83156.00
1837 82579.00
1838 84105.00
1839 83525.00
1840 84908.00
1841 85173.00
1842 85388.00
1843 85202.00
1844 84588.00
1845 84863.00
1846 84282.00
1847 84508.00
1848 83929.00
1849 84514.00
1850 83933.00
1851 84304.00
1852 92485.00
1853 91911.00
1854 91328.00
1855 90742.00
1856 90447.00
1857 90649.00
1858 90082.00
1859 89522.00
1860 93889.00
1861 93584.00
1862 93030.00
1863 92448.00
1864 91835.00
1865 91253.00
1866 90673.00
1867 90090.00
1868 89511.00
1869 90502.00
1870 90257.00
1871 89707.00
1872 89152.00
1873 88588.00
1874 88006.00
1875 87426.00
1876 86845.00
1877 86265.00
1878 85687.00
1879 94050.00
1880 93522.00
1881 92895.00
1882 92314.00
1883 91729.00
1884 91147.00
1885 90563.00
1886 89980.00
1887 89396.00
1888 88811.00
1889 88227.00
1890 87641.00
1891 90963.00
1892 90430.00
1893 89849.00
1894 89264.00
1895 88684.00
1896 88102.00
1897 87518.00
1898 86930.00
1899 86345.00
1900 85763.00
1901 85178.00
1902 84594.00
1903 84011.00
1904 83425.00
1905 84227.00
1906 83688.00
1907 88398.00
1908 87835.00
1909 87255.00
1910 86670.00
1911 86086.00
1912 85503.00
1913 84920.00
1914 85917.00
1915 85349.00
1916 84781.00
1917 84199.00
1918 83620.00
1919 83039.00
1920 82457.00
1921 81880.00
1922 82100.00
1923 81531.00
1924 83052.00
1925 83622.00
1926 83050.00
1927 82470.00
1928 82677.00
1929 82133.00
1930 82845.00
1931 82276.00
1932 81693.00
1933 81747.00
1934 82097.00
1935 81529.00
1936 80945.00
1937 81400.00
1938 80825.00
1939 80280.00
1940 79700.00
1941 79926.00
1942 80599.00
1943 80862.00
1944 80297.00
1945 79714.00
1946 80315.00
1947 79747.00
1948 79165.00
1949 79344.00
1950 78772.00
1951 78216.00
1952 78771.00
1953 78266.00
1954 77669.00
1956 77208.00
1955 77822.00
1957 76648.00
1958 77807.00
1959 77311.00
1960 76730.00
1961 76153.00
1962 75572.00
1963 74989.00
1964 74661.00
1965 74826.00
1966 74250.00
1967 73674.00
1968 74242.00
1969 74608.00
1970 74034.00
1971 74317.00
1972 73745.00
1973 74392.00
1974 73821.00
1975 73239.00
1976 73326.00
1977 72752.00
1978 73428.00
1979 72858.00
1980 72285.00
1981 72466.00
1982 71908.00
1983 71324.00
1984 70741.00
1985 70931.00
1986 70352.00
1987 69769.00
1988 70426.00
1989 69851.00
1990 73258.00
1991 72676.00
1992 72107.00
1993 71578.00
1994 71793.00
1995 71212.00
1996 71568.00
1997 71002.00
1998 70420.00
1999 78918.00
2000 78353.00
2001 77771.00
2002 77185.00
2003 76605.00
2004 76020.00
2005 75459.00
2006 77899.00
2007 77329.00
2008 76746.00
2009 76998.00
2010 76437.00
2011 75858.00
2012 75280.00
2013 74703.00
2014 74092.00
2015 73512.00
2016 72932.00
2017 72358.00
2018 71782.00
2019 71893.00
2020 71322.00
2021 70740.00
2022 71111.00
2023 70538.00
2024 69959.00
2025 82131.00
2026 81897.00
2027 81340.00
2028 80763.00
2029 80187.00
2030 79605.00
2031 79024.00
2032 78443.00
2033 77863.00
2034 77276.00
2035 76692.00
2036 76107.00
2037 75521.00
2038 81952.00
2039 81411.00
2040 80830.00
2042 79655.00
2041 80254.00
2043 79076.00
2044 84151.00
2045 83582.00
2046 82998.00
2050 80644.00
2047 82749.00
2048 82182.00
2049 81601.00
2051 80427.00
2052 79843.00
2053 79260.00
2054 79176.00
2055 79086.00
2056 78517.00
2057 77935.00
2058 77353.00
2059 76768.00
2060 76635.00
2061 76141.00
2062 76354.00
2063 76952.00
2064 76375.00
2065 75794.00
2066 76050.00
2067 75473.00
2068 74917.00
2069 74336.00
2070 74706.00
2071 74393.00
2072 73818.00
2073 74050.00
2074 73475.00
2075 72894.00
2076 73104.00
2077 74651.00
2078 75197.00
2079 74626.00
2080 74821.00
2081 74228.00
2082 74864.00
2083 74286.00
2084 73679.00
2085 73953.00
2086 74182.00
2087 74822.00
2088 75129.00
2089 75418.00
2090 76105.00
2092 74940.00
2091 75542.00
2093 74368.00
2094 74423.00
2095 74257.00
2096 74506.00
2097 73930.00
2098 73344.00
2099 75578.00
2100 75006.00
2101 74416.00
2102 73837.00
2103 74398.00
2104 73888.00
2105 82119.00
2106 81580.00
2107 81000.00
2108 80419.00
2109 79839.00
2110 79263.00
2111 78878.00
2112 78317.00
2113 77738.00
2114 77158.00
2115 76580.00
2116 76003.00
2117 76243.00
2118 79316.00
2119 78743.00
2120 78163.00
2121 77928.00
2122 78218.00
2123 77650.00
2124 77073.00
2125 77246.00
2126 76673.00
2127 77311.00
2128 77566.00
2129 77807.00
2130 77235.00
2131 76691.00
2132 77292.00
2133 77594.00
2134 78187.00
2135 77611.00
2136 77029.00
2137 77249.00
2138 76676.00
2139 76094.00
2140 76602.00
2141 76033.00
2142 75449.00
2143 74867.00
2144 83117.00
2145 82592.00
2146 82013.00
2147 81654.00
2148 81176.00
2149 80598.00
2150 80015.00
2151 79433.00
2152 78850.00
2153 78266.00
2154 77683.00
2155 77100.00
2156 76515.00
2157 75933.00
2158 76004.00
2159 75432.00
2160 74847.00
2161 74263.00
2162 78530.00
2163 77963.00
2164 77381.00
2165 77589.00
2166 79102.00
2167 78533.00
2168 77959.00
2169 77370.00
2170 76795.00
2171 76218.00
2172 83538.00
2173 82979.00
2174 82424.00
2175 81845.00
2176 90279.00
2177 89758.00
2178 89178.00
2179 88597.00
2180 89880.00
2181 89342.00
2182 88764.00
2183 88185.00
2184 87606.00
2185 86992.00
2186 86409.00
2187 85826.00
2188 86984.00
2189 86286.00
2190 85690.00
2191 85091.00
2192 84487.00
2193 83869.00
2194 83484.00
2195 82882.00
2196 82941.00
2197 82338.00
2198 83794.00
2199 83200.00
2200 82612.00
2201 82003.00
2202 82209.00
2203 81573.00
2204 80853.00
2205 81421.00
2206 80850.00
2207 80270.00
2208 80585.00
2209 80027.00
2210 79451.00
2211 80000.00
2212 79419.00
2213 79550.00
2214 78976.00
2215 78394.00
2216 77812.00
2217 78069.00
2218 77845.00
2219 78059.00
2220 77465.00
2221 77716.00
2222 77134.00
2223 77835.00
2224 77256.00
2225 76677.00
2226 76096.00
2227 76486.00
2228 75965.00
2229 75388.00
2230 74811.00
2231 74788.00
2232 75343.00
2233 74868.00
2234 74309.00
2236 73949.00
2235 74453.00
2237 74529.00
2238 73960.00
2239 73380.00
2240 72796.00
2241 73214.00
2242 73648.00
2243 73824.00
2244 73246.00
2245 72677.00
2246 72095.00
2247 72287.00
2248 72119.00
2249 71499.00
2250 70912.00
2251 71095.00
2252 70508.00
2253 70778.00
2254 71373.00
2255 70825.00
2256 70243.00
2257 69670.00
2258 69086.00
2259 77690.00
2260 77164.00
2261 76580.00
2262 75998.00
2263 75962.00
2264 75415.00
2265 74833.00
2266 74250.00
2267 73665.00
2268 73082.00
2269 73476.00
2270 72913.00
2271 72334.00
2272 72617.00
2273 72080.00
2274 72372.00
2275 72057.00
2276 71481.00
2277 70905.00
2278 71166.00
2279 70601.00
2280 70074.00
2281 74342.00
2282 74586.00
2283 74008.00
2284 74254.00
2285 74087.00
2286 74346.00
2287 75036.00
2288 74472.00
2289 73891.00
2290 73306.00
2291 73390.00
2292 72812.00
2293 73049.00
2294 72478.00
2295 72357.00
2296 73368.00
2297 75693.00
2298 75119.00
2299 75725.00
2300 75165.00
2301 74584.00
2302 75108.00
2303 74606.00
2305 73435.00
2304 74032.00
2306 73703.00
2307 73150.00
2308 72570.00
2309 72878.00
2310 72520.00
2311 71945.00
2312 71911.00
2313 72466.00
2314 71895.00
2315 72154.00
2316 74856.00
2317 74308.00
2318 73723.00
2319 73146.00
2320 73255.00
2321 72691.00
2322 72118.00
2323 72304.00
2324 72056.00
2325 71509.00
2326 70929.00
2327 71195.00
2328 70627.00
2329 70907.00
2330 71537.00
2331 70972.00
2332 70391.00
2333 71425.00
2334 70853.00
2335 73500.00
2336 72949.00
2337 72367.00
2338 71783.00
2339 72217.00
2340 71653.00
2341 71068.00
2342 70486.00
2343 78679.00
2344 78108.00
2345 77528.00
2350 74578.00
2346 77200.00
2347 76639.00
2348 76054.00
2349 75470.00
2351 74296.00
2352 73709.00
2353 73126.00
2354 77162.00
2355 76590.00
2356 76198.00
2357 75618.00
2358 75885.00
2359 75312.00
2360 74731.00
2361 75080.00
2362 74518.00
2363 73970.00
2364 74263.00
2365 73695.00
2366 73984.00
2367 73414.00
2368 81948.00
2369 81395.00
2370 80817.00
2371 80240.00
2372 79664.00
2373 79133.00
2374 78557.00
2375 77976.00
2376 77396.00
2377 76812.00
2378 76959.00
2379 76740.00
2380 76163.00
2381 75582.00
2382 80831.00
2383 80348.00
2384 79768.00
2385 79189.00
2386 78610.00
2387 78028.00
2388 77444.00
2389 76860.00
2390 77272.00
2391 80428.00
2392 79879.00
2393 79298.00
2394 78718.00
2395 79198.00
2396 78622.00
2397 78048.00
2398 77463.00
2399 77632.00
2400 77060.00
2401 76549.00
2402 75967.00
2403 76108.00
2404 75534.00
2405 76117.00
2406 75548.00
2407 74976.00
2408 74395.00
2409 74932.00
2410 74354.00
2411 73772.00
2412 74132.00
2413 73563.00
2414 72979.00
2415 72397.00
2416 73511.00
2417 72972.00
2418 72392.00
2419 71808.00
2420 71227.00
2421 70637.00
2422 71136.00
2423 70588.00
2424 70697.00
2425 70126.00
2426 70791.00
2427 70217.00
2428 69638.00
2429 72819.00
2430 72246.00
2431 71667.00
2432 71085.00
2433 70801.00
2434 71047.00
2435 70475.00
2436 69897.00
2437 69321.00
2438 69553.00
2439 68990.00
2440 68409.00
2441 67825.00
2442 67975.00
2443 67392.00
2444 67194.00
2445 68086.00
2446 81086.00
2447 80540.00
2448 79962.00
2449 80055.00
2450 79494.00
2452 78320.00
2451 78945.00
2453 77770.00
2454 77188.00
2455 76597.00
2456 76018.00
2457 75440.00
2458 76849.00
2459 76313.00
2460 75741.00
2461 75161.00
2462 74564.00
2463 74612.00
2464 80619.00
2465 80086.00
2468 78332.00
2466 79520.00
2467 78938.00
2469 77767.00
2470 77191.00
2471 76613.00
2472 76034.00
2473 75454.00
2474 74876.00
2475 74298.00
2476 73717.00
2477 73137.00
2478 72555.00
2479 71976.00
2480 71697.00
2481 71124.00
2482 70593.00
2483 71982.00
2484 71412.00
2485 70829.00
2486 71385.00
2487 70813.00
2488 70232.00
2489 70464.00
2490 69889.00
2491 69308.00
2492 69539.00
2493 68963.00
2494 69518.00
2495 68961.00
2496 69180.00
2497 68604.00
2498 68920.00
2499 73298.00
2500 72957.00
2501 73330.00
2502 72767.00
2503 73339.00
2504 73629.00
2505 73051.00
2506 72462.00
2507 73855.00
2508 73281.00
2509 73529.00
2510 72949.00
2511 73155.00
2512 72575.00
2513 72443.00
2514 72668.00
2515 72108.00
2516 71526.00
2517 71814.00
2518 71245.00
2519 70660.00
2520 74195.00
2521 74897.00
2522 74334.00
2523 74349.00
2524 73752.00
2525 73982.00
2526 73414.00
2527 81937.00
2528 81406.00
2529 80860.00
2530 80281.00
2531 79698.00
2532 79118.00
2533 78536.00
2534 77957.00
2535 77377.00
2536 76796.00
2537 77213.00
2538 76647.00
2539 76068.00
2540 75484.00
2541 74901.00
2542 74317.00
2543 74520.00
2544 74768.00
2545 74185.00
2546 74790.00
2547 75051.00
2548 74471.00
2549 75083.00
2550 74507.00
2551 73926.00
2552 74185.00
2553 73610.00
2554 73820.00
2555 73242.00
2556 73863.00
2557 73284.00
2558 74713.00
2559 75029.00
2560 74456.00
2561 74728.00
2562 74150.00
2563 74751.00
2564 74171.00
2565 74411.00
2566 73833.00
2567 74421.00
2568 73845.00
2569 74126.00
2570 73612.00
2571 73805.00
2572 74339.00
2573 73798.00
2574 73181.00
2575 81522.00
2576 80960.00
2577 80381.00
2578 79949.00
2579 79370.00
2580 78792.00
2581 78269.00
2584 76514.00
2582 77701.00
2583 77120.00
2585 75950.00
2586 76028.00
2587 75521.00
2588 74941.00
2589 74346.00
2590 73782.00
2591 73194.00
2592 72612.00
2593 80815.00
2594 80251.00
2595 79669.00
2596 79087.00
2597 78504.00
2598 78167.00
2599 77584.00
2600 78629.00
2601 78057.00
2602 77478.00
2603 76895.00
2604 76310.00
2605 75728.00
2606 77161.00
2607 76637.00
2608 76056.00
2609 75471.00
2610 74890.00
2611 74305.00
2613 73129.00
2612 73731.00
2614 73286.00
2615 72707.00
2616 73377.00
2617 72799.00
2618 73100.00
2619 72523.00
2620 73028.00
2621 72452.00
2622 72873.00
2623 72967.00
2624 72371.00
2625 73198.00
2626 73272.00
2627 72697.00
2628 74122.00
2629 73552.00
2630 72975.00
2631 73197.00
2632 72957.00
2633 73266.00
2634 73593.00
2635 75070.00
2636 74502.00
2637 82707.00
2638 82158.00
2639 81835.00
2640 81296.00
2641 80702.00
2642 80146.00
2643 79565.00
2644 78982.00
2645 78399.00
2646 77813.00
2647 77229.00
2648 78151.00
2649 77589.00
2650 77005.00
2651 80524.00
2652 79962.00
2653 79385.00
2654 78809.00
2655 78232.00
2656 77648.00
2657 77356.00
2658 76773.00
2659 76189.00
2660 75676.00
2661 75096.00
2662 74512.00
2663 73929.00
2664 87361.00
2665 86840.00
2666 86255.00
2667 85672.00
2668 85089.00
2669 84504.00
2673 82145.00
2670 83929.00
2671 83343.00
2672 82760.00
2674 81627.00
2675 81038.00
2676 80461.00
2677 79883.00
2678 79300.00
2679 78720.00
2680 78139.00
2681 78181.00
2682 77641.00
2683 82559.00
2684 81984.00
2685 81401.00
2686 80823.00
2687 80241.00
2688 79882.00
2689 79329.00
2690 78749.00
2691 78167.00
2692 77647.00
2693 77069.00
2694 76454.00
2695 76600.00
2696 76018.00
2697 75470.00
2698 75174.00
2699 74595.00
2700 74015.00
2701 73840.00
2702 74628.00
2703 74749.00
2704 75358.00
2705 74777.00
2706 74193.00
2707 74424.00
2708 75348.00
2709 74858.00
2710 74278.00
2711 74184.00
2712 74430.00
2713 73859.00
2714 73283.00
2715 73927.00
2716 73321.00
2717 72762.00
2718 72927.00
2719 73494.00
2720 72916.00
2721 72332.00
2722 72610.00
2723 72028.00
2724 71446.00
2725 71870.00
2726 72307.00
2727 71733.00
2728 71159.00
2729 71594.00
2730 71021.00
2731 70443.00
2732 69894.00
2733 70100.00
2734 69531.00
2735 68951.00
2736 69229.00
2737 76082.00
2738 75521.00
2739 74948.00
2740 74365.00
2741 74558.00
2742 74746.00
2743 74199.00
2744 74768.00
2745 74197.00
2746 74420.00
2747 73862.00
2748 74128.00
2749 74790.00
2750 74213.00
2751 73629.00
2752 73051.00
2753 73312.00
2754 72742.00
2755 72160.00
2756 74339.00
2757 73797.00
2758 73587.00
2759 73038.00
2760 81211.00
2761 80642.00
2762 81167.00
2763 80592.00
2764 80013.00
2765 79450.00
2766 78872.00
2767 78295.00
2768 77715.00
2769 77136.00
2770 76584.00
2771 76004.00
2772 75420.00
2773 79426.00
2774 78849.00
2775 78267.00
2776 78892.00
2777 78328.00
2778 77750.00
2779 77976.00
2780 78190.00
2781 77624.00
2782 77046.00
2783 77697.00
2784 77130.00
2785 76550.00
2786 76753.00
2787 76176.00
2788 75596.00
2789 75824.00
2790 75251.00
2791 75911.00
2792 75338.00
2793 75636.00
2794 75078.00
2795 75653.00
2796 76131.00
2797 75557.00
2798 74976.00
2799 75197.00
2800 74630.00
2801 74053.00
2802 73476.00
2803 73717.00
2804 73142.00
2805 72561.00
2806 72802.00
2807 72298.00
2808 72094.00
2809 71513.00
2810 72525.00
2811 71948.00
2812 71369.00
2813 71940.00
2814 71406.00
2815 70845.00
2816 70267.00
2817 70462.00
2818 69892.00
2819 69321.00
2820 68742.00
2821 69208.00
2822 68636.00
2823 68060.00
2824 68259.00
2825 68033.00
2826 67485.00
2827 67749.00
2828 68834.00
2829 71505.00
2830 70954.00
2831 70373.00
2832 69795.00
2833 70000.00
2834 69442.00
2835 68871.00
2836 68331.00
2837 67752.00
2838 68345.00
2839 67790.00
2840 67209.00
2841 66630.00
2842 66050.00
2843 66223.00
2844 65665.00
2845 74157.00
2846 73618.00
2847 73035.00
2848 72453.00
2849 71868.00
2850 71286.00
2851 70702.00
2852 70117.00
2853 69532.00
2854 68948.00
2855 68366.00
2856 67782.00
2857 67200.00
2858 67313.00
2859 66761.00
2860 66179.00
2861 65589.00
2862 65807.00
2863 65238.00
2864 64656.00
2865 70973.00
2866 70417.00
2867 69834.00
2868 69561.00
2869 68988.00
2870 69235.00
2871 68673.00
2872 68090.00
2873 68718.00
2874 68138.00
2875 67553.00
2876 66970.00
2877 67811.00
2878 67245.00
2879 66881.00
2880 66303.00
2881 85960.00
2882 85420.00
2883 84840.00
2884 84259.00
2885 83680.00
2886 89768.00
2887 89207.00
2888 88626.00
2889 88046.00
2890 87467.00
2891 86886.00
2892 86304.00
2893 85746.00
2894 85167.00
2895 84711.00
2896 84145.00
2897 83564.00
2898 82979.00
2899 82394.00
2900 82729.00
2901 82148.00
2902 81576.00
2903 80993.00
2904 80408.00
2905 79823.00
2906 80003.00
2907 79436.00
2908 78853.00
2909 78276.00
2910 77694.00
2911 77928.00
2912 77345.00
2913 77047.00
2914 76465.00
2915 75882.00
2916 76031.00
2917 75654.00
2918 75084.00
2919 74502.00
2920 74567.00
2921 74000.00
2922 73717.00
2923 73161.00
2924 73410.00
2925 72828.00
2926 72244.00
2927 71718.00
2928 72124.00
2929 71543.00
2930 72880.00
2931 73333.00
2932 72795.00
2933 72216.00
2934 71634.00
2935 71900.00
2936 82601.00
2937 82080.00
2938 81500.00
2939 80920.00
2940 80342.00
2941 80255.00
2942 79685.00
2943 79106.00
2944 78528.00
2945 78046.00
2946 77469.00
2947 76886.00
2948 76302.00
2949 75722.00
2950 75137.00
2951 74554.00
2952 73971.00
2953 73386.00
2954 73825.00
2955 73248.00
2956 72673.00
2957 72858.00
2958 72333.00
2959 71749.00
2960 72018.00
2961 71437.00
2962 70851.00
2963 70263.00
2964 70816.00
2965 70286.00
2966 69702.00
2967 77877.00
2968 77320.00
2969 76737.00
2970 76143.00
2971 75569.00
2972 74985.00
2973 74402.00
2974 74839.00
2975 74270.00
2976 73686.00
2977 73199.00
2978 73266.00
2979 72691.00
2980 72117.00
2981 71551.00
2982 80198.00
2983 79678.00
2984 79099.00
2985 78518.00
2986 77937.00
2987 77355.00
2988 76776.00
2989 76193.00
2990 75614.00
2991 75037.00
2992 79974.00
2993 79421.00
2994 78840.00
2995 78260.00
2996 77679.00
2997 77099.00
2998 76511.00
2999 75928.00
3000 75346.00
3001 74761.00
3002 74363.00
3003 73795.00
3004 73234.00
3005 72649.00
3006 72066.00
3007 72394.00
3008 80546.00
3011 78801.00
3009 80080.00
3010 79502.00
3012 78333.00
3013 77750.00
3014 77166.00
3015 76582.00
3016 76080.00
3017 75498.00
3018 74914.00
3019 74362.00
3020 73780.00
3021 73196.00
3022 72612.00
3023 72029.00
3024 72652.00
3025 72081.00
3026 75330.00
3027 74768.00
3028 74184.00
3029 73602.00
3030 73018.00
3031 72438.00
3032 80648.00
3033 80105.00
3034 79526.00
3035 78910.00
3036 78329.00
3037 77746.00
3038 77163.00
3039 76583.00
3040 76001.00
3041 75421.00
3042 74839.00
3043 74259.00
3044 73678.00
3045 76631.00
3046 76076.00
3047 75432.00
3048 74911.00
3049 74326.00
3050 74013.00
3051 73464.00
3052 72893.00
3053 72309.00
3054 71726.00
3055 71143.00
3056 70558.00
3057 69974.00
3058 70107.00
3059 69528.00
3060 69837.00
3061 69258.00
3062 68675.00
3063 69310.00
3064 72359.00
3065 71780.00
3066 71198.00
3067 71550.00
3068 71211.00
3069 70633.00
3070 70898.00
3071 70375.00
3072 70091.00
3073 69972.00
3074 69742.00
3075 69181.00
3076 68598.00
3077 68974.00
3078 68404.00
3079 67824.00
3080 68252.00
3081 67672.00
3082 67097.00
3083 71123.00
3084 70862.00
3085 70293.00
3086 69711.00
3087 69902.00
3088 69331.00
3089 68759.00
3090 69121.00
3091 68566.00
3092 68215.00
3093 67651.00
3094 67934.00
3095 67360.00
3096 66784.00
3097 67003.00
3098 66440.00
3099 75897.00
3100 75361.00
3101 74778.00
3102 74192.00
3103 73609.00
3104 73025.00
3105 72441.00
3106 71859.00
3107 71277.00
3108 72573.00
3109 72037.00
3110 71455.00
3111 70870.00
3112 70288.00
3113 69703.00
3114 69791.00
3115 69577.00
3116 68997.00
3117 69245.00
3118 68691.00
3119 72127.00
3120 73558.00
3121 72982.00
3122 72434.00
3123 72628.00
3124 72079.00
3125 71495.00
3126 72060.00
3127 71477.00
3128 70895.00
3129 71094.00
3130 70533.00
3131 70687.00
3132 70114.00
3133 69536.00
3134 68958.00
3135 69559.00
3136 74933.00
3137 74406.00
3138 74808.00
3139 74238.00
3140 73660.00
3141 81958.00
3142 81559.00
3143 80994.00
3144 80488.00
3145 79930.00
3146 79357.00
3150 77002.00
3147 78784.00
3148 78203.00
3149 77619.00
3151 76442.00
3153 75266.00
3154 74682.00
3152 75873.00
3155 78830.00
3156 78255.00
3157 77672.00
3158 77922.00
3159 77344.00
3160 76761.00
3161 77403.00
3162 76825.00
3163 76240.00
3164 76481.00
3165 75905.00
3166 75315.00
3167 75897.00
3168 75363.00
3170 74977.00
3169 75579.00
3171 75245.00
3172 75910.00
3173 75332.00
3174 75556.00
3175 76119.00
3176 75548.00
3177 75911.00
3178 75348.00
3179 74767.00
3180 74185.00
3181 74313.00
3182 74079.00
3183 73511.00
3184 72930.00
3185 73109.00
3186 72530.00
3187 71957.00
3188 71376.00
3189 71653.00
3190 73169.00
3191 72597.00
3192 72018.00
3193 71472.00
3194 71613.00
3195 71372.00
3196 70795.00
3197 71044.00
3198 71363.00
3199 70799.00
3200 70542.00
3201 69965.00
3202 69389.00
3203 69575.00
3204 68986.00
3205 68373.00
3206 67774.00
3207 67954.00
3208 72430.00
3209 73050.00
3210 72490.00
3211 71891.00
3212 71286.00
3213 70384.00
3214 70354.00
3215 69771.00
3216 69199.00
3217 68650.00
3218 68846.00
3219 68294.00
3220 67716.00
3221 67149.00
3222 68136.00
3223 67562.00
3224 72467.00
3225 71913.00
3226 71331.00
3227 70746.00
3228 78997.00
3229 78434.00
3230 77858.00
3231 77276.00
3232 76693.00
3233 76109.00
3234 75658.00
3235 75086.00
3236 74501.00
3237 73924.00
3238 73349.00
3239 72777.00
3240 72211.00
3241 71631.00
3242 71055.00
3243 75991.00
3244 75452.00
3245 75931.00
3246 75360.00
3247 74779.00
3248 74200.00
3249 74370.00
3250 73799.00
3251 73215.00
3252 73736.00
3253 73170.00
3254 72585.00
3255 72003.00
3256 72390.00
3257 71812.00
3258 71230.00
3259 70645.00
3260 70798.00
3261 79452.00
3262 79863.00
3263 79256.00
3264 78730.00
3267 76974.00
3265 78201.00
3266 77614.00
3268 76444.00
3269 75864.00
3270 75285.00
3271 74720.00
3272 74140.00
3273 73561.00
3274 72980.00
3275 72399.00
3276 71820.00
3277 72043.00
3278 72582.00
3279 72008.00
3280 71423.00
3281 71638.00
3282 72846.00
3283 72265.00
3284 71699.00
3285 71127.00
3286 71894.00
3287 71321.00
3288 70742.00
3289 70775.00
3290 70231.00
3291 69655.00
3292 69081.00
3293 69310.00
3294 68733.00
3295 68434.00
3296 68720.00
3297 68146.00
3298 73447.00
3299 72906.00
3300 73623.00
3301 73734.00
3302 73160.00
3303 73378.00
3304 72811.00
3305 72228.00
3306 72708.00
3307 72136.00
3308 71553.00
3309 80284.00
3310 79748.00
3311 79165.00
3312 78581.00
3313 77999.00
3314 77413.00
3315 76831.00
3316 76246.00
3317 75658.00
3318 75077.00
3319 74513.00
3320 73931.00
3321 73347.00
3322 79554.00
3323 78985.00
3324 78404.00
3325 77822.00
3326 79033.00
3327 78460.00
3328 77875.00
3329 77293.00
3330 76709.00
3331 76127.00
3332 75597.00
3333 77680.00
3334 77125.00
3335 77444.00
3337 76283.00
3336 76881.00
3338 77681.00
3339 77192.00
3340 76620.00
3341 76044.00
3342 75463.00
3343 75768.00
3344 75385.00
3345 74813.00
3346 75072.00
3347 74503.00
3348 73922.00
3349 74557.00
3350 73985.00
3351 74064.00
3352 73508.00
3353 72926.00
3354 72356.00
3355 72919.00
3356 72343.00
3357 71760.00
3358 71176.00
3359 71384.00
3360 70813.00
3361 70231.00
3362 69649.00
3363 69963.00
3364 70548.00
3365 69973.00
3366 69391.00
3367 69702.00
3368 69127.00
3369 69654.00
3370 69079.00
3371 69351.00
3372 69570.00
3373 70202.00
3374 69633.00
3375 69050.00
3376 68464.00
3377 67883.00
3378 68120.00
3379 67836.00
3380 67269.00
3381 66686.00
3382 66127.00
3383 66354.00
3384 65780.00
3385 65202.00
3386 64627.00
3387 64046.00
3388 64179.00
3389 66523.00
3390 71296.00
3391 70729.00
3392 70148.00
3393 69570.00
3394 69763.00
3395 69193.00
3396 68613.00
3397 68196.00
3398 68648.00
3399 68076.00
3400 67567.00
3401 66988.00
3402 67105.00
3403 66529.00
3404 65946.00
3405 65374.00
3406 65633.00
3407 65058.00
3408 73557.00
3409 72985.00
3410 72402.00
3411 71819.00
3412 71237.00
3413 71574.00
3414 70995.00
3415 70410.00
3416 69829.00
3417 70328.00
3418 69768.00
3419 69186.00
3420 68605.00
3421 68024.00
3422 68146.00
3423 67574.00
3424 82173.00
3425 81647.00
3426 81064.00
3427 80480.00
3428 79899.00
3429 79314.00
3430 78739.00
3431 78215.00
3432 77643.00
3433 77058.00
3434 87080.00
3435 86523.00
3436 85942.00
3440 83640.00
3437 85414.00
3438 84834.00
3439 84255.00
3441 83086.00
3442 82505.00
3443 81925.00
3444 81344.00
3445 80779.00
3446 80199.00
3447 80743.00
3448 80169.00
3449 79884.00
3450 79306.00
3451 78849.00
3452 79485.00
3453 78910.00
3454 78326.00
3455 77743.00
3456 77157.00
3457 78495.00
3458 77916.00
3460 76754.00
3459 77361.00
3461 76197.00
3462 75616.00
3463 75030.00
3464 74447.00
3465 73867.00
3466 73283.00
3470 70917.00
3471 70334.00
3467 72724.00
3468 72139.00
3469 71552.00
3472 78829.00
3473 78305.00
3474 77725.00
3475 78079.00
3476 77502.00
3477 76937.00
3478 76339.00
3479 75768.00
3480 75186.00
3481 74601.00
3482 74110.00
3483 73540.00
3484 73605.00
3485 73031.00
3486 72442.00
3487 71862.00
3488 72141.00
3489 72511.00
3490 71935.00
3491 71510.00
3492 70948.00
3493 71239.00
3494 70663.00
3495 70864.00
3496 70304.00
3497 74750.00
3498 75200.00
3499 74687.00
3500 83319.00
3501 82777.00
3502 82197.00
3503 81614.00
3504 81028.00
3505 80445.00
3506 79862.00
3507 79276.00
3508 78714.00
3509 79143.00
3510 78574.00
3511 77993.00
3512 77412.00
3513 76831.00
3514 76248.00
3515 75916.00
3516 75398.00
3517 75190.00
3518 75406.00
3519 74831.00
3520 75497.00
3521 74954.00
3522 74375.00
3523 74492.00
3524 73922.00
3525 73343.00
3526 73563.00
3527 72990.00
3528 72443.00
3529 73086.00
3530 72512.00
3531 72753.00
3532 72183.00
3533 71606.00
3534 74116.00
3535 73546.00
3536 74063.00
3537 73493.00
3538 73759.00
3539 73967.00
3540 73733.00
3541 73999.00
3542 73428.00
3543 73680.00
3544 73109.00
3545 73767.00
3546 73949.00
3547 73378.00
3548 72801.00
3549 72977.00
3550 73646.00
3551 73075.00
3552 73332.00
3553 73963.00
3554 73391.00
3555 72809.00
3556 73152.00
3557 72584.00
3558 72654.00
3559 72074.00
3560 72726.00
3561 72223.00
3562 72670.00
3563 73002.00
3564 72438.00
3565 71857.00
3566 72076.00
3567 71504.00
3568 72490.00
3569 80508.00
3570 79943.00
3571 79381.00
3572 78799.00
3573 78213.00
3574 77632.00
3575 77047.00
3576 76465.00
3577 75882.00
3578 75298.00
3579 75791.00
3580 75236.00
3581 74658.00
3582 74077.00
3583 73496.00
3584 72915.00
3585 72335.00
3586 71770.00
3587 71189.00
3588 70608.00
3589 70028.00
3590 71009.00
3591 70450.00
3592 69875.00
3593 69297.00
3594 69492.00
3595 68928.00
3596 68709.00
3597 68897.00
3598 68337.00
3599 67770.00
3600 67191.00
3601 76495.00
3602 75939.00
3603 75364.00
3604 74788.00
3605 74186.00
3606 73616.00
3607 73032.00
3608 72450.00
3609 80522.00
3610 80273.00
3611 79694.00
3612 79116.00
3613 78536.00
3614 77955.00
3615 77372.00
3616 76787.00
3617 76202.00
3618 76736.00
3619 76152.00
3620 75570.00
3621 74998.00
3622 74417.00
3623 73832.00
3624 73251.00
3625 74268.00
3626 73689.00
3627 73141.00
3628 73394.00
3629 72816.00
3630 73369.00
3631 72792.00
3632 73037.00
3633 72470.00
3634 71902.00
3635 72214.00
3636 71986.00
3637 71403.00
3638 71761.00
3639 71185.00
3640 70603.00
3641 70862.00
3642 70293.00
3643 70702.00
3644 73798.00
3645 73700.00
3646 73127.00
3647 72548.00
3648 72783.00
3649 72218.00
3650 71639.00
3651 71057.00
3652 71242.00
3653 71879.00
3654 71307.00
3655 70677.00
3656 70828.00
3657 70253.00
3658 69676.00
3659 69094.00
3660 69422.00
3661 78924.00
3662 78375.00
3663 77793.00
3664 77210.00
3665 76625.00
3669 74268.00
3666 76051.00
3667 75466.00
3668 74884.00
3670 73709.00
3671 73128.00
3672 72760.00
3673 73334.00
3674 72753.00
3675 72170.00
3676 71584.00
3677 71484.00
3678 70928.00
3679 73470.00
3681 72305.00
3680 72907.00
3682 72588.00
3683 72006.00
3684 71445.00
3685 70865.00
3686 71433.00
3687 70869.00
3688 70287.00
3689 69699.00
3690 69952.00
3691 69388.00
3692 68808.00
3693 69142.00
3694 68667.00
3695 69850.00
3696 69279.00
3697 68717.00
3698 72089.00
3699 71514.00
3700 70958.00
3701 71304.00
3702 70744.00
3703 70180.00
3704 69600.00
3705 70088.00
3706 69507.00
3707 68923.00
3708 68338.00
3709 68466.00
3710 67927.00
3711 68135.00
3712 67566.00
3713 67398.00
3714 72492.00
3715 71912.00
3716 71330.00
3717 72007.00
3718 71429.00
3719 71626.00
3721 70458.00
3720 71058.00
3722 69882.00
3723 69293.00
3724 77583.00
3725 77078.00
3726 76497.00
3727 75913.00
3728 75331.00
3729 74746.00
3730 74163.00
3731 73577.00
3732 72981.00
3733 73970.00
3734 73410.00
3735 72832.00
3736 72248.00
3737 71664.00
3738 71079.00
3739 70497.00
3740 69909.00
3741 69631.00
3742 69061.00
3743 68480.00
3744 67921.00
3745 68154.00
3746 67577.00
3747 66997.00
3748 66836.00
3749 67004.00
3750 66429.00
3751 65850.00
3752 83263.00
3753 82744.00
3754 82163.00
3755 81583.00
3756 81002.00
3757 80420.00
3758 79822.00
3759 79238.00
3760 78674.00
3761 79386.00
3762 78872.00
3763 78290.00
3764 77707.00
3765 77124.00
3767 75955.00
3766 76557.00
3768 75384.00
3769 74990.00
3770 74431.00
3771 73853.00
3772 73272.00
3773 72799.00
3774 81285.00
3775 80815.00
3777 79640.00
3776 80242.00
3778 79064.00
3779 78479.00
3780 77897.00
3781 79199.00
3782 78627.00
3783 78739.00
3784 78194.00
3785 77618.00
3786 77041.00
3787 79304.00
3788 78742.00
3789 78158.00
3790 77573.00
3792 76405.00
3791 77000.00
3793 75830.00
3794 76422.00
3795 75845.00
3796 75292.00
3797 76090.00
3798 75520.00
3799 74939.00
3800 74638.00
3801 74427.00
3802 74684.00
3803 74129.00
3804 74391.00
3805 73815.00
3806 73980.00
3807 73867.00
3808 73284.00
3809 72702.00
3810 72879.00
3811 73160.00
3812 73439.00
3813 74129.00
3814 73549.00
3815 72987.00
3816 72404.00
3817 80981.00
3818 80452.00
3819 79869.00
3820 79286.00
3821 78702.00
3822 78118.00
3823 77555.00
3824 76971.00
3825 76386.00
3826 75802.00
3827 75220.00
3828 74637.00
3829 74963.00
3830 74393.00
3831 73816.00
3832 73232.00
3833 72648.00
3834 72063.00
3835 81069.00
3836 80532.00
3837 79948.00
3838 79383.00
3839 78799.00
3840 78216.00
3841 77627.00
3842 77271.00
3843 76742.00
3844 76164.00
3845 75591.00
3846 75011.00
3847 74431.00
3848 73850.00
3849 73578.00
3850 73000.00
3851 72425.00
3852 73099.00
3853 72524.00
3854 71943.00
3855 72153.00
3856 71938.00
3857 71398.00
3858 72516.00
3859 73076.00
3860 72542.00
3861 71962.00
3862 71380.00
3863 71460.00
3864 71052.00
3865 71480.00
3866 70909.00
3867 70327.00
3868 70589.00
3869 70013.00
3870 69432.00
3871 68943.00
3872 69149.00
3873 68567.00
3874 69138.00
3875 69454.00
3876 68917.00
3877 72306.00
3878 71735.00
3879 72117.00
3880 71545.00
3881 70965.00
3882 71551.00
3883 70943.00
3884 71888.00
3885 72450.00
3886 71888.00
3889 70979.00
3887 72168.00
3888 71589.00
3890 70750.00
3891 71135.00
3892 70566.00
3893 69989.00
3894 70160.00
3895 74646.00
3896 74124.00
3897 74579.00
3898 74722.00
3899 74143.00
3900 82948.00
3901 82433.00
3902 81855.00
3903 81273.00
3904 80692.00
3905 80110.00
3906 79529.00
3907 78950.00
3908 78370.00
3909 77788.00
3910 77204.00
3911 76622.00
3912 76036.00
3913 75453.00
3914 83702.00
3915 83181.00
3916 82599.00
3917 82017.00
3918 81971.00
3919 81390.00
3920 80810.00
3921 80274.00
3922 81653.00
3923 81083.00
3924 80518.00
3925 79964.00
3926 79375.00
3927 78792.00
3928 78208.00
3929 77625.00
3930 77043.00
3931 76457.00
3932 75874.00
3933 76487.00
3934 75920.00
3935 75336.00
3937 74162.00
3936 74767.00
3938 73593.00
3939 73335.00
3940 73106.00
3941 72594.00
3942 72011.00
3943 72659.00
3944 72083.00
3945 71501.00
3946 71382.00
3947 70969.00
3948 70398.00
3949 75142.00
3950 74638.00
3951 74062.00
3952 73488.00
3953 73458.00
3954 72885.00
3955 72307.00
3956 71730.00
3957 71151.00
3958 71221.00
3959 70655.00
3960 70072.00
3961 69488.00
3962 68910.00
3963 69585.00
3964 69032.00
3965 69168.00
3966 68596.00
3967 68020.00
3968 67485.00
3969 67767.00
3970 67499.00
3971 69813.00
3972 69251.00
3973 68669.00
3974 68084.00
3975 68218.00
3976 67637.00
3977 68239.00
3978 67677.00
3979 67094.00
3980 66510.00
3981 66662.00
3982 66088.00
3983 65538.00
3984 64956.00
3985 64373.00
3986 65037.00
3987 64474.00
3988 67586.00
3989 75326.00
3990 74754.00
3991 74187.00
3992 73604.00
3993 73747.00
3994 73175.00
3995 72594.00
3996 72030.00
3997 72350.00
3998 72963.00
3999 72387.00
