4000
0 246337.00
1 241269.00
2 236526.00
3 239538.00
4 234684.00
5 229721.00
6 224870.00
7 219992.00
8 215097.00
9 210236.00
10 205389.00
11 200520.00
12 195658.00
13 190848.00
14 186546.00
15 181540.00
16 176470.00
17 171397.00
18 166327.00
19 161254.00
20 156184.00
21 151541.00
22 148585.00
23 144344.00
24 140484.00
25 136279.00
26 133396.00
27 129157.00
28 125217.00
29 121005.00
30 116971.00
31 111903.00
32 107903.00
33 102836.00
34 97766.00
35 93665.00
36 88624.00
37 83558.00
38 79154.00
39 74091.00
40 69020.00
41 65142.00
42 60080.00
43 55788.00
44 65285.00
45 60286.00
46 63466.00
47 62502.00
48 70644.00
49 65617.00
50 62273.00
51 62537.00
52 70068.00
53 64956.00
54 62117.00
55 61971.00
56 63672.00
57 66732.00
58 61642.00
59 69432.00
60 64426.00
61 63395.00
62 63378.00
63 66345.00
64 61282.00
65 61251.00
66 60728.00
67 60713.00
68 60732.00
69 60718.00
70 60329.00
71 60289.00
72 60354.00
73 60410.00
74 60237.00
75 60288.00
76 59901.00
77 60098.00
78 59893.00
79 65206.00
80 60194.00
81 67980.00
82 64386.00
83 65171.00
84 73447.00
85 68391.00
86 63325.00
87 63238.00
88 65347.00
89 71935.00
90 66879.00
91 63857.00
92 63912.00
93 63540.00
94 63443.00
95 63673.00
96 71551.00
97 66489.00
98 71246.00
99 66214.00
100 68180.00
101 75885.00
102 71206.00
103 66139.00
104 62678.00
105 65661.00
106 60611.00
107 63580.00
108 63503.00
109 63577.00
110 66528.00
111 61487.00
112 63451.00
113 66010.00
114 60953.00
115 70290.00
116 78013.00
117 73025.00
118 67944.00
119 66538.00
120 62759.00
121 64352.00
122 64334.00
123 66413.00
124 61352.00
125 60908.00
126 60969.00
127 68922.00
128 68823.00
129 68737.00
130 63640.00
131 60303.00
132 60330.00
133 60134.00
134 60090.00
135 60077.00
136 68085.00
137 73031.00
138 67950.00
139 64669.00
140 64464.00
141 72816.00
142 67725.00
143 64230.00
144 64222.00
145 64177.00
146 63791.00
147 63706.00
148 63601.00
149 63534.00
150 71670.00
151 66580.00
152 63161.00
153 65064.00
154 59977.00
155 62771.00
156 62797.00
157 63469.00
158 63484.00
159 64624.00
160 74319.00
161 69232.00
162 67031.00
163 68960.00
164 63879.00
165 66807.00
166 61719.00
167 61502.00
168 69410.00
169 79244.00
170 74404.00
171 67869.00
172 64399.00
173 64295.00
174 64294.00
175 64222.00
176 64038.00
177 64852.00
178 75787.00
179 70699.00
180 71363.00
181 66645.00
182 64480.00
183 67379.00
184 62300.00
185 63109.00
186 63860.00
187 66903.00
188 61831.00
189 62546.00
190 62229.00
191 62101.00
192 62139.00
193 62216.00
194 61830.00
195 61864.00
196 61826.00
197 61890.00
198 69879.00
199 64840.00
200 62526.00
201 61206.00
202 61096.00
203 61118.00
204 60688.00
205 68797.00
206 69496.00
207 64433.00
208 68604.00
209 63522.00
210 60279.00
211 62102.00
212 64923.00
213 59863.00
214 64706.00
215 72891.00
216 67864.00
217 62767.00
218 63204.00
219 63998.00
220 63916.00
221 63962.00
222 63787.00
223 71646.00
224 71358.00
226 63298.00
227 63220.00
228 67859.00
229 69112.00
230 64052.00
231 67637.00
232 62564.00
233 62423.00
234 70371.00
235 65300.00
236 62308.00
237 70272.00
238 65216.00
239 61649.00
240 61958.00
241 62403.00
242 65504.00
243 60639.00
244 71409.00
245 67374.00
246 62282.00
247 60965.00
248 60887.00
249 60974.00
250 60522.00
251 68567.00
252 68274.00
253 63187.00
254 64027.00
255 66946.00
256 62304.00
257 69710.00
258 77577.00
259 73710.00
260 73756.00
261 68671.00
262 71599.00
263 67152.00
264 62056.00
265 64053.00
266 67001.00
267 61909.00
268 64544.00
269 60626.00
270 68559.00
271 64181.00
272 63288.00
273 63020.00
274 65937.00
275 60867.00
276 63735.00
277 63778.00
278 63443.00
279 66260.00
280 61169.00
281 70210.00
282 67228.00
283 69015.00
284 63925.00
285 65920.00
286 60833.00
287 62405.00
288 63819.00
289 66718.00
290 62145.00
291 63212.00
292 73105.00
293 68037.00
294 75564.00
295 70472.00
296 73504.00
297 68410.00
298 64069.00
299 65991.00
300 62211.00
301 64051.00
302 66911.00
303 61835.00
304 62550.00
305 62582.00
306 62498.00
307 65058.00
308 61195.00
309 63175.00
310 66057.00
311 62674.00
312 70850.00
313 65829.00
314 65640.00
315 61250.00
316 64280.00
317 66051.00
318 61659.00
319 62667.00
320 64754.00
321 66681.00
322 61585.00
323 61470.00
324 64398.00
325 73198.00
326 68126.00
327 64993.00
328 59852.00
329 72018.00
330 66968.00
331 63316.00
332 64334.00
333 67228.00
334 63094.00
335 65157.00
336 60836.00
337 63163.00
338 65570.00
339 60483.00
340 60702.00
341 63111.00
342 64546.00
343 66942.00
344 61863.00
345 62693.00
346 62644.00
347 62787.00
348 63356.00
349 82529.00
350 77451.00
351 72352.00
352 67970.00
353 62876.00
354 65714.00
355 60622.00
356 61568.00
357 61246.00
358 74550.00
359 69458.00
360 64359.00
361 60858.00
362 69116.00
363 64058.00
364 61665.00
365 64671.00
366 65308.00
367 60209.00
368 60045.00
369 62957.00
370 65981.00
371 60906.00
372 63572.00
373 65757.00
374 60664.00
375 72498.00
376 67459.00
377 64246.00
378 72268.00
379 73927.00
380 69113.00
381 76823.00
382 71772.00
383 71499.00
384 68457.00
385 63361.00
386 71082.00
387 75534.00
388 70444.00
391 62033.00
389 72300.00
390 67199.00
392 62511.00
393 62510.00
394 62268.00
395 62440.00
396 62227.00
397 62150.00
398 61724.00
399 69745.00
400 64657.00
401 69763.00
402 64742.00
403 61505.00
404 61376.00
405 63110.00
406 65489.00
407 61737.00
408 62664.00
409 65488.00
410 60361.00
411 63175.00
412 64062.00
413 75004.00
414 69941.00
415 64859.00
416 64729.00
417 60506.00
418 62220.00
419 65242.00
420 61241.00
421 64269.00
422 62831.00
423 64861.00
424 60642.00
425 62660.00
426 65579.00
427 61248.00
428 62093.00
429 62011.00
430 62791.00
431 65956.00
432 60934.00
433 61728.00
434 71572.00
435 79471.00
436 74387.00
437 69288.00
438 64183.00
439 61305.00
440 64074.00
441 66703.00
442 61623.00
443 64427.00
444 73403.00
445 68353.00
446 63251.00
447 63151.00
448 65928.00
449 60834.00
450 63655.00
451 65837.00
452 69487.00
453 64399.00
454 72485.00
455 67391.00
456 63983.00
457 63952.00
458 64850.00
459 67710.00
460 62613.00
461 63684.00
462 68569.00
463 69298.00
464 64215.00
465 62889.00
466 63120.00
467 63061.00
468 62715.00
469 62582.00
470 62448.00
471 68540.00
472 79442.00
473 74406.00
474 70315.00
475 70126.00
476 65040.00
477 64482.00
478 68816.00
479 63754.00
480 65467.00
481 60409.00
482 61253.00
483 61250.00
484 60765.00
485 60623.00
486 65778.00
487 64375.00
488 66393.00
489 61303.00
490 61313.00
491 61297.00
492 60921.00
493 70176.00
494 65099.00
495 63841.00
496 64577.00
497 65404.00
498 60309.00
499 60309.00
500 60325.00
501 62874.00
502 72846.00
503 67786.00
504 74929.00
505 69844.00
506 72537.00
507 67445.00
508 62368.00
509 64235.00
510 64220.00
511 63745.00
512 75073.00
513 69979.00
514 71826.00
515 73352.00
516 69492.00
517 64482.00
518 66003.00
519 61332.00
520 64989.00
521 62103.00
522 64860.00
523 65502.00
524 67652.00
525 62539.00
526 65111.00
527 60306.00
528 70940.00
529 65845.00
530 66644.00
531 61546.00
532 63874.00
533 63451.00
534 63136.00
535 64271.00
536 59183.00
537 64244.00
538 62868.00
539 62834.00
540 68360.00
541 85599.00
542 80511.00
543 75410.00
544 75006.00
545 70209.00
546 65148.00
547 65917.00
548 60825.00
549 62741.00
550 64325.00
551 67549.00
552 62453.00
553 65101.00
554 60008.00
555 60827.00
556 61903.00
557 61586.00
558 64619.00
559 59599.00
560 79221.00
561 74735.00
562 70936.00
563 73226.00
564 68167.00
565 63072.00
566 59603.00
567 59575.00
568 61494.00
569 64394.00
570 65090.00
571 61169.00
572 62880.00
573 64842.00
574 59753.00
575 62549.00
576 64624.00
577 59531.00
578 60364.00
579 63063.00
580 63123.00
581 62962.00
582 63778.00
583 66642.00
584 61911.00
585 62449.00
586 62367.00
587 70301.00
588 65226.00
589 62114.00
590 61945.00
591 63905.00
592 66975.00
593 61884.00
594 62651.00
595 65495.00
596 60402.00
597 61274.00
598 62193.00
599 65059.00
600 68729.00
601 69578.00
602 72530.00
603 67434.00
604 69584.00
605 65432.00
606 60346.00
607 68371.00
608 64808.00
609 63887.00
610 64699.00
611 59612.00
612 60346.00
613 63355.00
614 64196.00
615 64536.00
616 64020.00
617 64037.00
618 65703.00
619 60984.00
620 63895.00
621 63584.00
622 63344.00
623 65458.00
624 60379.00
625 63429.00
626 62910.00
627 62821.00
628 64820.00
629 59758.00
630 62253.00
631 62532.00
632 62144.00
633 62298.00
634 62462.00
635 62123.00
636 68286.00
637 63218.00
638 65533.00
639 64911.00
640 59770.00
641 59605.00
642 64605.00
643 64215.00
644 65426.00
645 60976.00
646 63068.00
647 63747.00
648 76967.00
649 71962.00
650 66864.00
651 71681.00
652 68310.00
654 67186.00
653 72312.00
655 62097.00
656 59943.00
657 62880.00
658 73836.00
659 68783.00
660 71504.00
661 71271.00
662 67377.00
663 62279.00
664 64173.00
665 66520.00
666 62659.00
667 61695.00
668 61346.00
669 61269.00
670 61206.00
671 60896.00
672 61236.00
673 60742.00
674 62036.00
676 68843.00
675 73975.00
677 63756.00
678 65595.00
679 65353.00
680 60269.00
682 63022.00
681 68155.00
683 59910.00
684 62025.00
685 64682.00
686 59615.00
687 64423.00
688 64256.00
689 72729.00
690 68780.00
691 68743.00
692 64855.00
693 63600.00
694 71913.00
695 66894.00
696 64307.00
697 59234.00
698 62122.00
699 63174.00
700 62720.00
701 62666.00
702 71599.00
703 70705.00
704 70622.00
705 67377.00
706 63427.00
707 62026.00
708 63245.00
709 65964.00
710 60867.00
711 69616.00
712 64517.00
713 61517.00
714 61424.00
715 61152.00
716 61197.00
717 61181.00
718 60704.00
719 60716.00
720 60576.00
721 65661.00
722 65708.00
723 60615.00
724 60451.00
725 60440.00
726 60194.00
727 60804.00
728 71616.00
729 66531.00
730 61464.00
731 59301.00
732 61293.00
733 64312.00
734 59218.00
735 59321.00
736 63773.00
737 58678.00
738 63842.00
739 68555.00
740 70644.00
741 65561.00
742 60460.00
743 71112.00
744 66017.00
745 62947.00
746 62897.00
747 62863.00
748 62378.00
749 62371.00
750 62365.00
751 62351.00
752 62016.00
753 70009.00
754 69660.00
755 64589.00
756 59475.00
757 64397.00
758 59289.00
759 63845.00
760 71750.00
761 66681.00
762 63424.00
763 68004.00
764 68285.00
765 63186.00
766 62746.00
767 62549.00
768 62534.00
769 62485.00
770 63482.00
771 74303.00
772 69220.00
773 64119.00
774 72050.00
775 72835.00
776 68855.00
777 63764.00
778 65729.00
779 60669.00
780 62216.00
781 71378.00
782 66311.00
783 65855.00
784 61603.00
785 63831.00
786 66596.00
787 62250.00
788 64388.00
789 59310.00
790 60058.00
791 60078.00
792 59982.00
793 59870.00
794 59797.00
795 80943.00
796 79413.00
797 75528.00
798 70437.00
799 72143.00
800 67057.00
801 62862.00
802 63910.00
803 63813.00
804 71667.00
805 71654.00
806 68273.00
807 64338.00
808 67304.00
809 62271.00
810 63922.00
811 66750.00
812 61634.00
813 62518.00
814 62449.00
815 62427.00
816 62469.00
817 63269.00
818 62222.00
819 62109.00
820 62010.00
821 61808.00
822 61909.00
823 66440.00
824 65567.00
825 60483.00
826 63365.00
828 61223.00
827 66355.00
829 60932.00
830 60766.00
831 60380.00
832 60411.00
833 60344.00
834 60260.00
835 60193.00
836 60007.00
837 59771.00
838 59864.00
839 59770.00
840 59713.00
841 64253.00
842 67444.00
843 62348.00
844 60170.00
845 60235.00
846 68964.00
847 68773.00
848 63684.00
849 64641.00
850 59564.00
851 62493.00
852 63033.00
853 63630.00
854 62888.00
855 67789.00
856 72709.00
857 67620.00
858 67569.00
859 62472.00
860 62328.00
861 62312.00
862 62371.00
863 66979.00
865 61807.00
864 66934.00
866 61556.00
867 61592.00
868 61505.00
869 61373.00
870 69933.00
871 71204.00
872 66948.00
873 69237.00
874 74574.00
875 69465.00
876 71870.00
877 66892.00
878 61794.00
879 63579.00
880 63089.00
881 63045.00
882 62955.00
883 62854.00
884 62987.00
885 62892.00
886 62569.00
887 70555.00
888 68306.00
889 71274.00
890 66176.00
891 61877.00
892 61994.00
893 61850.00
894 61788.00
895 69748.00
896 64689.00
897 61634.00
898 61292.00
899 61246.00
900 60986.00
901 60891.00
902 60800.00
903 60505.00
904 60761.00
905 60362.00
906 60429.00
907 60317.00
908 65256.00
909 71117.00
910 66026.00
911 69707.00
912 64738.00
913 59643.00
914 64652.00
915 64456.00
916 64157.00
917 64148.00
918 69223.00
919 73857.00
920 68822.00
921 71916.00
922 66825.00
923 63438.00
924 63308.00
925 63252.00
926 63162.00
927 68014.00
928 67906.00
929 62809.00
930 63635.00
931 62652.00
932 62298.00
933 78271.00
934 73473.00
935 69291.00
936 64187.00
937 61949.00
938 62002.00
939 61623.00
940 69531.00
941 64441.00
942 61272.00
943 61257.00
944 62050.00
945 68887.00
946 68890.00
947 63761.00
948 61596.00
949 60675.00
950 60222.00
951 68583.00
952 63494.00
953 59889.00
954 67885.00
955 62793.00
956 59679.00
957 61742.00
958 64670.00
959 59618.00
960 64072.00
961 65140.00
962 71992.00
963 66909.00
964 69005.00
965 71760.00
966 66692.00
967 63537.00
968 63463.00
969 62932.00
970 63119.00
971 62954.00
972 67760.00
974 69562.00
973 74690.00
975 72816.00
976 67724.00
977 62625.00
978 58279.00
979 61321.00
980 62041.00
981 61769.00
982 61831.00
983 69834.00
984 64743.00
985 61416.00
986 61261.00
987 61117.00
988 61025.00
989 60991.00
990 64892.00
991 59719.00
992 60034.00
993 59587.00
994 61338.00
995 64294.00
996 67297.00
997 62225.00
998 63683.00
999 68780.00
1000 68718.00
1001 63629.00
1002 66605.00
1003 61558.00
1004 63010.00
1005 62941.00
1006 62911.00
1007 62769.00
1008 65534.00
1009 60848.00
1010 67630.00
1011 67460.00
1012 62379.00
1013 62311.00
1014 65199.00
1015 60126.00
1016 61803.00
1017 64958.00
1018 59874.00
1019 61499.00
1020 61328.00
1021 61215.00
1022 61056.00
1023 65995.00
1024 65979.00
1025 60889.00
1026 60668.00
1027 60674.00
1028 60689.00
1029 61083.00
1030 63237.00
1031 65200.00
1032 60106.00
1033 60139.00
1034 59670.00
1035 59602.00
1036 59644.00
1037 62642.00
1038 64600.00
1039 59511.00
1040 69259.00
1041 64165.00
1042 64107.00
1043 64053.00
1044 68639.00
1045 68938.00
1046 63825.00
1047 63208.00
1048 63112.00
1049 63018.00
1050 63020.00
1051 62927.00
1052 62840.00
1053 62793.00
1054 62842.00
1055 62692.00
1056 62237.00
1057 62250.00
1058 62080.00
1059 61959.00
1060 61869.00
1061 61804.00
1062 61859.00
1063 61688.00
1064 61622.00
1065 69567.00
1066 64412.00
1067 61066.00
1068 61030.00
1069 69005.00
1070 68957.00
1071 63879.00
1072 60825.00
1073 60352.00
1074 60349.00
1075 69442.00
1076 80371.00
1077 75274.00
1078 70170.00
1079 65072.00
1080 64759.00
1081 59664.00
1082 59456.00
1083 59264.00
1084 59342.00
1085 64012.00
1086 63953.00
1087 64031.00
1088 63853.00
1089 71885.00
1090 66790.00
1091 63375.00
1092 63265.00
1093 68311.00
1094 68395.00
1095 63293.00
1096 63878.00
1097 62903.00
1098 62459.00
1099 62330.00
1100 62350.00
1101 78404.00
1102 73344.00
1103 70120.00
1104 65055.00
1105 61955.00
1106 61778.00
1107 69940.00
1108 64769.00
1109 59651.00
1110 59313.00
1111 71856.00
1112 66973.00
1113 63865.00
1114 63773.00
1115 63824.00
1116 63573.00
1117 63566.00
1118 63441.00
1119 68043.00
1120 69221.00
1121 64088.00
1122 62933.00
1123 70496.00
1124 65785.00
1125 62394.00
1126 62475.00
1127 62345.00
1128 67112.00
1129 67305.00
1130 62207.00
1131 61858.00
1132 61746.00
1133 61689.00
1134 61671.00
1135 61294.00
1136 61392.00
1137 61343.00
1138 66080.00
1139 74310.00
1140 69215.00
1141 64116.00
1142 60492.00
1143 60464.00
1145 63202.00
1144 68371.00
1146 60234.00
1147 60103.00
1148 59811.00
1149 59731.00
1150 59755.00
1151 64549.00
1152 64527.00
1153 59433.00
1154 64341.00
1155 59270.00
1156 64152.00
1157 64064.00
1158 59001.00
1159 58859.00
1160 63713.00
1161 63591.00
1162 63201.00
1163 68198.00
1164 68380.00
1165 63246.00
1166 63091.00
1167 62887.00
1168 62738.00
1169 67630.00
1170 72511.00
1171 67471.00
1172 67208.00
1173 62130.00
1174 61969.00
1175 70223.00
1176 65204.00
1177 61796.00
1178 61694.00
1179 61609.00
1180 61220.00
1181 61171.00
1182 61190.00
1183 61077.00
1184 68843.00
1185 63748.00
1186 60581.00
1187 60440.00
1188 68327.00
1189 65213.00
1190 64978.00
1191 60304.00
1192 60986.00
1193 63867.00
1194 64809.00
1195 60647.00
1196 59617.00
1197 67314.00
1198 62562.00
1199 59107.00
1200 64429.00
1201 63792.00
1202 64074.00
1203 63487.00
1204 71896.00
1205 68667.00
1206 63591.00
1207 65400.00
1208 60317.00
1209 62995.00
1210 62869.00
1211 67920.00
1212 67922.00
1213 62835.00
1214 62602.00
1215 62604.00
1216 62392.00
1217 62136.00
1218 61985.00
1219 61952.00
1220 69701.00
1221 64637.00
1222 61569.00
1223 61368.00
1224 68032.00
1225 64865.00
1226 64779.00
1227 59674.00
1228 59480.00
1229 59251.00
1230 59157.00
1231 59040.00
1232 63731.00
1233 63934.00
1234 63499.00
1235 63669.00
1236 63424.00
1237 68386.00
1238 68304.00
1239 63295.00
1240 64938.00
1241 59852.00
1242 62673.00
1243 62629.00
1244 62562.00
1245 62703.00
1246 62123.00
1247 67125.00
1248 69124.00
1249 64092.00
1250 66984.00
1251 61918.00
1252 65025.00
1253 59976.00
1254 66240.00
1255 69496.00
1256 64416.00
1257 61166.00
1258 61091.00
1259 60899.00
1260 60814.00
1261 60700.00
1262 60804.00
1263 60352.00
1264 65299.00
1265 68384.00
1266 63967.00
1267 60092.00
1268 60758.00
1269 63463.00
1270 72726.00
1271 67688.00
1272 72664.00
1273 72361.00
1274 69034.00
1275 63946.00
1276 63922.00
1277 63693.00
1278 63707.00
1279 63764.00
1280 63713.00
1281 63558.00
1282 63078.00
1283 63114.00
1284 71147.00
1285 71066.00
1286 67692.00
1287 62610.00
1288 62574.00
1289 67555.00
1290 67499.00
1291 62434.00
1292 62036.00
1293 61910.00
1294 61983.00
1295 61999.00
1296 61889.00
1297 62757.00
1298 69388.00
1299 64367.00
1300 61133.00
1301 62187.00
1302 61157.00
1303 66301.00
1304 61312.00
1305 68712.00
1306 63668.00
1307 69885.00
1308 71685.00
1309 67469.00
1310 62378.00
1311 63910.00
1312 64814.00
1313 59739.00
1314 60907.00
1315 63801.00
1316 64650.00
1317 59570.00
1318 59388.00
1319 68467.00
1320 69303.00
1321 64307.00
1322 64040.00
1323 71750.00
1324 71445.00
1325 66355.00
1326 63370.00
1327 63483.00
1328 63252.00
1329 63116.00
1330 64744.00
1331 59658.00
1332 70631.00
1333 67543.00
1334 67530.00
1335 62437.00
1336 62289.00
1337 70419.00
1338 74137.00
1339 69135.00
1340 64038.00
1341 62451.00
1342 65387.00
1343 69071.00
1344 64334.00
1345 65943.00
1346 64982.00
1347 59908.00
1348 61710.00
1349 64323.00
1350 65567.00
1351 60481.00
1352 60323.00
1353 67984.00
1354 64958.00
1355 64977.00
1356 64808.00
1357 60921.00
1358 59245.00
1359 59424.00
1360 60256.00
1361 71318.00
1362 66270.00
1363 61170.00
1364 69143.00
1365 64109.00
1366 63478.00
1367 63429.00
1368 63427.00
1369 68420.00
1370 72416.00
1371 67384.00
1372 62865.00
1373 63810.00
1374 68003.00
1375 62942.00
1376 64766.00
1377 60195.00
1378 70377.00
1379 70269.00
1380 65851.00
1381 62054.00
1382 61683.00
1383 61983.00
1384 61505.00
1385 61334.00
1386 61858.00
1387 62129.00
1388 65157.00
1389 60081.00
1390 60833.00
1391 60877.00
1392 62080.00
1393 64631.00
1394 59591.00
1395 60241.00
1396 68445.00
1397 68252.00
1398 63973.00
1399 66214.00
1400 61809.00
1401 60903.00
1402 63328.00
1403 64394.00
1404 59272.00
1405 66356.00
1406 69373.00
1407 64329.00
1408 59807.00
1409 61473.00
1410 63546.00
1411 63534.00
1412 63551.00
1413 65640.00
1414 60600.00
1415 63318.00
1416 66215.00
1417 70171.00
1418 65140.00
1419 62842.00
1420 63721.00
1421 66592.00
1422 61576.00
1423 62260.00
1424 62291.00
1425 61894.00
1426 61669.00
1427 62008.00
1428 61862.00
1429 61721.00
1430 61354.00
1431 61333.00
1433 61220.00
1434 66111.00
1435 65954.00
1436 60862.00
1437 60694.00
1438 60574.00
1439 60633.00
1440 60383.00
1441 65111.00
1442 73167.00
1443 68091.00
1444 64896.00
1445 59819.00
1446 59424.00
1447 59358.00
1448 59592.00
1449 59168.00
1450 64110.00
1451 59275.00
1452 63770.00
1453 63771.00
1454 66596.00
1455 61500.00
1456 65712.00
1457 60681.00
1458 62231.00
1459 64975.00
1460 59838.00
1461 62517.00
1462 62579.00
1463 62305.00
1464 62601.00
1465 62010.00
1466 62240.00
1467 61940.00
1468 61997.00
1469 61708.00
1470 61680.00
1471 61469.00
1472 69471.00
1473 66278.00
1474 69535.00
1475 64500.00
1476 60876.00
1477 65786.00
1478 64676.00
1479 59552.00
1480 60573.00
1481 60652.00
1482 68361.00
1483 63335.00
1484 59985.00
1485 64816.00
1486 64689.00
1487 59633.00
1488 59301.00
1489 59704.00
1490 67452.00
1491 64340.00
1492 59244.00
1493 72141.00
1494 67105.00
1495 63484.00
1496 63745.00
1497 63635.00
1498 64413.00
1499 67096.00
1500 62365.00
1501 70939.00
1502 67959.00
1503 67700.00
1504 62583.00
1505 62651.00
1506 67513.00
1507 67596.00
1508 62511.00
1509 70313.00
1510 70067.00
1511 65004.00
1512 66941.00
1513 67991.00
1514 62901.00
1515 61554.00
1516 62538.00
1517 65354.00
1518 60285.00
1519 62993.00
1520 66177.00
1521 61086.00
1522 69007.00
1523 63917.00
1524 62606.00
1525 65608.00
1526 61410.00
1527 60397.00
1528 61321.00
1529 64167.00
1530 64097.00
1531 64905.00
1532 59808.00
1533 62560.00
1534 63551.00
1535 77448.00
1536 72361.00
1537 80021.00
1538 78943.00
1539 73854.00
1540 69645.00
1541 64560.00
1542 70619.00
1543 70615.00
1544 65510.00
1545 64334.00
1546 60059.00
1547 61997.00
1548 63160.00
1549 63091.00
1550 62932.00
1551 62547.00
1552 64452.00
1553 60167.00
1554 62173.00
1555 62029.00
1556 62089.00
1557 63206.00
1558 61646.00
1559 64893.00
1560 59832.00
1561 61576.00
1562 69440.00
1563 64391.00
1564 62104.00
1565 65272.00
1566 60828.00
1567 63124.00
1568 62808.00
1569 65591.00
1570 60499.00
1571 65319.00
1572 65192.00
1573 60892.00
1574 62821.00
1575 65561.00
1576 60479.00
1577 61322.00
1578 64151.00
1579 63937.00
1580 66908.00
1581 61816.00
1582 81915.00
1583 77892.00
1584 72737.00
1585 67638.00
1586 64151.00
1587 65065.00
1588 59976.00
1589 60686.00
1590 62722.00
1591 65512.00
1592 60459.00
1593 62368.00
1594 67204.00
1595 70421.00
1596 65365.00
1597 62075.00
1598 62806.00
1599 63609.00
1600 66772.00
1601 61714.00
1602 69376.00
1603 64331.00
1604 60954.00
1605 61282.00
1606 60743.00
1607 62956.00
1608 62609.00
1609 65711.00
1610 60635.00
1611 68455.00
1612 63427.00
1613 59973.00
1614 62001.00
1615 66144.00
1616 61079.00
1617 62566.00
1618 65284.00
1619 60453.00
1620 71485.00
1621 66457.00
1622 61359.00
1623 58976.00
1624 59711.00
1625 62524.00
1626 63620.00
1627 79847.00
1628 74811.00
1629 69711.00
1630 67166.00
1631 62071.00
1632 63077.00
1633 65961.00
1634 69592.00
1635 68405.00
1636 63315.00
1637 65283.00
1638 60190.00
1639 63382.00
1640 66272.00
1641 61181.00
1642 61888.00
1643 61832.00
1644 61704.00
1645 61415.00
1646 61243.00
1647 61412.00
1648 61292.00
1649 64049.00
1650 67162.00
1651 62076.00
1652 72854.00
1653 69438.00
1654 68484.00
1655 66374.00
1656 65935.00
1657 61995.00
1658 64096.00
1659 58995.00
1660 59876.00
1661 59914.00
1662 59618.00
1663 59627.00
1664 59286.00
1665 59080.00
1666 58992.00
1667 66138.00
1668 61065.00
1669 60970.00
1670 63675.00
1671 63663.00
1672 64423.00
1673 61445.00
1674 62103.00
1675 65140.00
1676 60046.00
1677 62858.00
1678 62719.00
1679 62717.00
1680 62714.00
1681 62274.00
1682 62258.00
1683 62203.00
1684 65094.00
1685 60000.00
1686 61907.00
1687 61737.00
1688 77919.00
1689 72890.00
1690 67794.00
1691 63303.00
1692 61039.00
1693 59451.00
1694 59128.00
1695 58812.00
1696 59102.00
1697 58878.00
1698 58829.00
1699 58651.00
1700 69351.00
1701 73133.00
1702 68097.00
1703 62958.00
1704 62802.00
1705 62668.00
1706 62861.00
1707 62660.00
1708 62516.00
1709 62471.00
1710 62260.00
1711 78504.00
1712 73465.00
1713 68370.00
1714 64413.00
1715 66597.00
1716 65578.00
1717 60492.00
1718 62370.00
1719 61086.00
1720 61150.00
1721 66298.00
1722 67710.00
1723 62958.00
1724 65752.00
1725 61465.00
1726 71286.00
1727 66204.00
1728 61104.00
1729 59964.00
1730 60103.00
1731 60960.00
1732 63730.00
1733 64726.00
1734 59637.00
1735 64699.00
1736 59638.00
1737 82242.00
1738 77211.00
1739 72112.00
1740 67010.00
1741 61908.00
1742 63897.00
1743 63378.00
1744 64470.00
1745 59404.00
1746 62112.00
1747 68079.00
1748 68036.00
1749 62943.00
1750 63784.00
1751 66772.00
1752 61688.00
1753 62406.00
1754 62299.00
1755 70065.00
1756 66854.00
1757 67099.00
1758 62009.00
1759 61832.00
1760 61791.00
1761 61564.00
1762 61379.00
1763 61252.00
1764 61090.00
1765 60945.00
1766 60855.00
1767 60681.00
1768 68923.00
1769 63840.00
1770 60369.00
1771 60190.00
1772 60306.00
1773 60004.00
1774 60205.00
1775 65184.00
1776 65107.00
1777 60014.00
1778 59654.00
1779 59349.00
1780 68239.00
1781 69355.00
1782 64259.00
1783 64153.00
1784 63814.00
1785 63626.00
1786 63723.00
1787 63692.00
1788 63627.00
1789 63255.00
1790 63158.00
1791 63418.00
1792 70969.00
1793 65890.00
1794 62807.00
1795 62646.00
1796 62532.00
1797 62542.00
1798 62570.00
1799 62100.00
1800 62328.00
1801 61964.00
1802 61943.00
1803 61775.00
1804 61761.00
1805 69675.00
1806 64598.00
1807 61184.00
1808 69331.00
1809 64273.00
1810 63773.00
1811 63242.00
1812 63221.00
1813 63467.00
1814 63204.00
1815 63234.00
1816 62809.00
1817 62697.00
1818 62514.00
1819 62693.00
1820 62549.00
1821 62108.00
1822 62067.00
1823 61834.00
1824 66747.00
1825 66952.00
1826 61903.00
1827 61682.00
1828 69936.00
1829 64907.00
1830 61226.00
1831 61155.00
1832 77261.00
1833 72222.00
1834 67091.00
1835 65464.00
1836 65405.00
1837 60659.00
1838 60331.00
1839 60066.00
1840 68321.00
1841 63303.00
1842 59970.00
1843 59776.00
1845 62661.00
1844 67798.00
1846 59130.00
1847 59278.00
1848 69009.00
1849 63937.00
1850 59067.00
1851 72035.00
1852 67001.00
1853 63731.00
1854 63530.00
1855 63598.00
1856 63452.00
1857 68155.00
1858 73021.00
1859 67958.00
1860 67712.00
1861 62623.00
1862 67706.00
1863 67754.00
1864 62704.00
1865 62361.00
1866 62137.00
1867 61878.00
1868 61870.00
1869 61742.00
1870 61665.00
1871 61606.00
1872 61299.00
1873 61447.00
1874 61493.00
1875 61374.00
1876 61011.00
1877 61062.00
1878 60984.00
1879 60758.00
1880 60632.00
1881 60265.00
1882 60415.00
1883 60289.00
1884 60244.00
1885 68043.00
1886 62958.00
1887 59973.00
1888 59678.00
1889 67760.00
1890 64552.00
1891 59459.00
1892 59314.00
1893 59170.00
1894 59358.00
1895 68239.00
1896 68810.00
1897 64901.00
1898 63621.00
1899 63178.00
1900 63690.00
1901 63343.00
1902 68335.00
1903 68302.00
1904 63211.00
1905 62720.00
1906 62622.00
1907 62664.00
1908 62646.00
1909 62355.00
1910 75526.00
1911 71205.00
1912 66971.00
1913 63232.00
1914 62655.00
1915 62625.00
1916 66026.00
1917 60939.00
1918 61257.00
1919 61229.00
1920 61386.00
1921 66341.00
1922 66122.00
1923 60997.00
1924 60665.00
1925 60756.00
1926 68776.00
1927 65522.00
1928 60143.00
1929 59426.00
1930 59758.00
1931 59272.00
1932 64400.00
1933 64053.00
1934 64048.00
1935 63955.00
1936 63609.00
1937 68659.00
1938 68432.00
1939 63345.00
1940 63245.00
1941 63158.00
1942 71379.00
1943 67885.00
1944 62786.00
1945 62818.00
1946 62317.00
1947 70321.00
1948 65532.00
1949 67289.00
1950 67180.00
1951 62091.00
1952 62092.00
1953 61922.00
1954 61767.00
1955 61502.00
1956 61612.00
1957 61382.00
1958 69441.00
1959 64385.00
1960 60933.00
1961 60965.00
1962 60945.00
1963 60966.00
1964 70739.00
1965 66816.00
1966 61727.00
1967 60256.00
1968 60210.00
1969 60215.00
1970 59678.00
1971 59754.00
1972 59680.00
1973 67864.00
1974 72454.00
1975 80619.00
1976 75553.00
1977 70456.00
1978 66286.00
1979 66821.00
1980 63865.00
1981 63886.00
1982 58832.00
1983 63656.00
1984 64511.00
1985 63210.00
1986 84441.00
1987 79415.00
1988 74322.00
1989 70983.00
1990 65865.00
1991 62787.00
1992 70639.00
1993 71538.00
1994 66461.00
1995 64355.00
1996 59265.00
1997 59160.00
1998 61722.00
1999 61673.00
2000 61997.00
2001 71641.00
2002 66687.00
2003 69334.00
2004 66379.00
2005 62125.00
2006 62016.00
2007 64849.00
2008 59762.00
2009 60837.00
2010 60371.00
2011 60495.00
2012 70519.00
2013 71273.00
2014 66228.00
2015 61154.00
2016 63927.00
2017 65239.00
2018 60919.00
2019 59396.00
2020 59504.00
2021 59520.00
2022 64255.00
2023 63175.00
2024 64104.00
2025 59754.00
2026 59919.00
2027 62975.00
2028 68616.00
2029 68439.00
2030 64531.00
2031 64567.00
2032 60151.00
2033 70291.00
2034 71143.00
2035 68726.00
2036 71843.00
2037 66765.00
2038 61667.00
2039 60345.00
2040 63298.00
2041 71336.00
2042 72189.00
2043 67073.00
2044 63639.00
2045 62725.00
2046 65594.00
2047 60549.00
2048 66154.00
2049 66195.00
2050 61116.00
2051 62783.00
2052 65768.00
2053 60651.00
2054 60711.00
2055 60473.00
2056 60370.00
2057 60282.00
2058 59917.00
2059 59790.00
2060 59946.00
2061 59866.00
2062 59788.00
2063 59571.00
2064 59643.00
2065 59338.00
2066 59219.00
2067 59054.00
2068 61242.00
2069 64218.00
2070 59200.00
2071 58723.00
2072 58662.00
2073 63689.00
2074 63421.00
2075 63333.00
2076 65057.00
2077 60014.00
2078 62811.00
2079 62831.00
2080 62413.00
2081 62476.00
2082 62363.00
2083 62379.00
2084 62202.00
2085 62388.00
2086 61817.00
2087 61685.00
2088 61658.00
2089 61740.00
2090 70601.00
2091 66324.00
2092 72088.00
2093 66996.00
2094 70200.00
2095 65119.00
2096 60759.00
2097 62733.00
2098 65641.00
2099 60553.00
2100 60429.00
2101 60467.00
2102 60374.00
2103 61212.00
2104 65079.00
2105 69790.00
2106 64711.00
2107 65850.00
2108 60775.00
2109 59512.00
2110 60389.00
2111 63270.00
2112 64024.00
2113 64158.00
2114 64103.00
2115 63627.00
2116 63615.00
2117 63580.00
2118 63595.00
2119 63276.00
2120 63279.00
2121 63100.00
2122 63082.00
2123 63036.00
2124 63011.00
2125 62580.00
2126 62492.00
2127 62450.00
2128 62384.00
2129 63290.00
2130 72206.00
2131 67229.00
2132 66834.00
2133 62042.00
2134 62525.00
2135 65500.00
2136 60422.00
2137 61224.00
2138 62301.00
2139 66135.00
2140 61071.00
2141 61045.00
2142 60941.00
2143 60984.00
2144 60878.00
2145 65453.00
2146 60581.00
2147 68284.00
2148 65054.00
2149 59970.00
2150 60120.00
2151 67951.00
2152 62919.00
2153 59656.00
2154 59500.00
2155 59586.00
2156 59204.00
2157 59327.00
2158 67195.00
2159 63966.00
2160 58870.00
2161 63758.00
2162 63454.00
2163 63532.00
2164 63208.00
2165 62984.00
2166 62760.00
2167 67601.00
2168 67839.00
2169 62748.00
2170 62587.00
2171 62443.00
2172 63270.00
2173 66242.00
2174 61151.00
2175 61900.00
2176 66819.00
2177 66533.00
2178 61441.00
2179 66651.00
2180 66492.00
2181 61401.00
2182 65942.00
2183 70952.00
2184 65869.00
2185 75620.00
2186 70526.00
2187 65428.00
2188 65497.00
2189 60489.00
2190 65445.00
2191 65214.00
2192 60135.00
2193 60396.00
2194 60002.00
2195 59812.00
2196 64761.00
2197 67710.00
2198 62636.00
2199 59442.00
2200 59003.00
2201 68879.00
2202 69100.00
2203 63968.00
2204 63802.00
2205 58718.00
2206 63609.00
2207 63386.00
2208 68213.00
2209 68111.00
2210 63042.00
2211 63194.00
2212 62695.00
2213 63036.00
2214 67383.00
2215 67588.00
2216 62496.00
2217 64810.00
2218 66459.00
2219 61379.00
2220 69875.00
2221 64787.00
2222 61728.00
2223 61523.00
2224 61582.00
2225 66536.00
2226 66402.00
2227 61360.00
2228 61154.00
2229 60920.00
2230 60806.00
2231 60620.00
2232 60465.00
2233 61642.00
2234 60172.00
2235 60336.00
2236 68121.00
2237 65100.00
2238 72135.00
2239 67045.00
2240 64507.00
2241 65622.00
2242 60550.00
2243 63490.00
2244 64142.00
2245 59504.00
2246 58975.00
2247 67869.00
2248 68747.00
2249 64510.00
2250 63702.00
2251 63593.00
2252 63450.00
2253 63276.00
2254 63351.00
2255 62909.00
2256 62885.00
2257 62765.00
2258 70714.00
2259 67698.00
2260 67634.00
2261 62543.00
2262 67098.00
2263 62275.00
2264 61863.00
2265 61836.00
2266 62464.00
2267 66768.00
2268 66851.00
2269 61767.00
2270 61415.00
2271 61323.00
2272 61436.00
2273 61095.00
2274 61073.00
2275 60988.00
2276 68974.00
2277 63888.00
2278 60592.00
2279 60413.00
2280 61838.00
2281 61965.00
2282 64837.00
2283 59565.00
2284 59330.00
2285 58965.00
2286 58964.00
2287 58887.00
2288 61821.00
2289 64944.00
2290 63744.00
2291 63734.00
2292 63596.00
2293 63276.00
2294 63238.00
2295 62979.00
2296 63029.00
2297 70964.00
2298 65894.00
2299 65828.00
2300 60741.00
2301 61523.00
2302 71523.00
2303 72198.00
2304 67113.00
2305 62037.00
2306 61977.00
2307 61502.00
2308 61697.00
2309 61662.00
2310 69448.00
2311 69543.00
2312 64453.00
2313 61013.00
2314 61040.00
2315 65778.00
2316 65600.00
2317 60515.00
2318 60615.00
2319 60634.00
2320 60595.00
2321 60590.00
2322 68112.00
2323 68127.00
2324 63040.00
2325 59613.00
2326 59648.00
2327 61508.00
2328 64335.00
2329 60434.00
2330 60299.00
2331 63180.00
2332 64935.00
2333 59844.00
2334 72802.00
2335 69781.00
2336 72913.00
2337 67887.00
2338 62790.00
2339 63576.00
2340 63426.00
2341 63302.00
2342 62909.00
2343 62873.00
2344 71046.00
2345 70472.00
2346 65387.00
2347 62489.00
2348 62507.00
2349 70465.00
2350 65431.00
2351 62125.00
2352 61808.00
2353 65735.00
2354 60932.00
2355 62771.00
2356 66633.00
2357 65548.00
2358 61170.00
2359 61193.00
2360 83164.00
2361 78128.00
2362 73032.00
2363 69064.00
2364 63923.00
2365 60237.00
2366 71168.00
2367 74215.00
2368 69119.00
2369 64795.00
2370 59707.00
2371 59636.00
2372 54546.00
2373 59583.00
2374 59544.00
2375 68366.00
2376 63288.00
2377 59045.00
2378 58901.00
2379 61075.00
2380 63990.00
2381 63623.00
2382 58531.00
2383 68617.00
2384 63562.00
2385 63384.00
2386 62968.00
2387 62821.00
2388 62790.00
2389 62729.00
2390 62847.00
2391 67442.00
2392 67419.00
2393 62333.00
2394 62165.00
2395 62251.00
2396 67093.00
2397 67753.00
2398 62621.00
2399 61337.00
2400 62194.00
2401 65293.00
2402 60227.00
2403 69056.00
2404 64012.00
2405 67575.00
2406 81661.00
2407 76623.00
2408 71525.00
2409 67431.00
2410 65303.00
2411 61088.00
2412 59854.00
2413 65892.00
2414 68844.00
2415 63797.00
2416 59835.00
2417 59385.00
2418 59154.00
2419 60253.00
2420 63364.00
2421 64984.00
2422 61058.00
2423 63056.00
2424 63806.00
2425 60382.00
2426 60655.00
2427 71383.00
2428 74291.00
2429 69323.00
2430 66112.00
2431 62171.00
2432 62175.00
2433 62920.00
2434 62583.00
2435 62463.00
2436 62416.00
2437 62392.00
2438 70144.00
2439 65187.00
2440 63855.00
2441 59590.00
2442 61839.00
2443 61722.00
2444 61735.00
2445 61275.00
2446 67217.00
2447 78139.00
2448 73065.00
2449 70820.00
2450 66977.00
2451 61884.00
2452 61749.00
2453 61647.00
2454 64475.00
2455 59384.00
2456 61119.00
2457 60245.00
2458 60070.00
2459 68051.00
2460 62970.00
2461 59597.00
2462 60680.00
2463 60488.00
2464 63316.00
2465 65095.00
2466 61244.00
2467 60205.00
2468 62696.00
2469 64034.00
2470 63624.00
2471 63607.00
2472 68504.00
2473 69341.00
2474 64249.00
2475 60114.00
2476 62025.00
2478 65866.00
2477 70996.00
2479 62856.00
2480 62900.00
2481 62279.00
2482 71510.00
2483 66382.00
2484 78299.00
2485 73258.00
2487 67010.00
2486 72132.00
2488 66564.00
2489 61473.00
2490 61610.00
2491 61517.00
2492 69302.00
2493 64266.00
2494 73884.00
2495 70467.00
2496 67816.00
2497 67002.00
2498 62653.00
2499 60470.00
2500 60507.00
2501 61196.00
2502 64117.00
2503 66099.00
2504 61908.00
2505 63951.00
2506 69776.00
2507 64698.00
2508 63396.00
2509 74426.00
2510 69341.00
2511 73314.00
2512 68277.00
2513 63992.00
2514 64763.00
2515 60632.00
2516 59215.00
2517 62036.00
2518 68421.00
2519 71230.00
2520 74858.00
2521 70080.00
2522 64970.00
2523 66570.00
2524 61508.00
2525 62619.00
2526 62486.00
2527 62130.00
2528 61881.00
2529 61659.00
2530 66943.00
2531 61898.00
2532 62799.00
2533 61419.00
2534 64470.00
2535 59385.00
2536 62196.00
2537 62147.00
2538 70353.00
2539 65298.00
2540 65895.00
2541 60821.00
2542 68815.00
2543 63736.00
2544 60074.00
2545 60187.00
2546 64868.00
2547 65718.00
2548 60628.00
2549 70961.00
2550 73676.00
2551 68589.00
2552 64195.00
2553 62120.00
2554 59289.00
2555 59069.00
2556 68020.00
2557 68819.00
2558 65722.00
2559 61843.00
2560 59657.00
2561 58404.00
2562 60369.00
2563 63117.00
2564 63009.00
2565 62959.00
2566 62886.00
2567 62880.00
2568 63748.00
2569 63536.00
2570 70676.00
2571 83404.00
2572 78331.00
2573 74637.00
2574 69546.00
2575 64505.00
2576 67722.00
2577 62638.00
2578 61681.00
2579 62548.00
2580 61596.00
2581 61146.00
2582 61062.00
2583 61071.00
2584 60769.00
2585 65776.00
2586 71261.00
2587 66527.00
2588 69307.00
2589 65130.00
2590 62087.00
2591 62027.00
2592 64905.00
2593 59809.00
2594 60009.00
2595 67492.00
2596 62401.00
2597 64334.00
2598 67202.00
2599 63303.00
2600 66208.00
2601 61143.00
2602 61783.00
2603 63790.00
2604 58715.00
2605 63405.00
2606 63514.00
2607 71200.00
2608 66110.00
2609 63158.00
2610 64999.00
2611 59906.00
2613 73659.00
2612 78789.00
2614 68584.00
2615 65161.00
2616 63398.00
2617 62073.00
2618 61963.00
2619 62064.00
2620 62971.00
2621 66073.00
2622 60988.00
2623 61630.00
2624 61441.00
2625 66140.00
2626 66190.00
2627 61096.00
2628 60958.00
2629 68920.00
2630 63830.00
2631 64057.00
2632 63946.00
2633 60086.00
2634 61875.00
2635 63408.00
2636 63522.00
2637 63374.00
2638 63396.00
2639 72069.00
2640 66994.00
2641 67906.00
2642 62768.00
2643 62657.00
2644 62666.00
2645 63676.00
2646 66667.00
2647 61575.00
2648 62422.00
2649 61955.00
2650 63115.00
2651 65780.00
2652 60693.00
2653 62736.00
2654 73693.00
2655 68616.00
2656 66210.00
2657 67253.00
2658 62161.00
2659 66275.00
2660 61182.00
2661 73570.00
2662 68802.00
2663 63638.00
2664 65127.00
2665 65397.00
2666 60308.00
2667 59869.00
2668 60094.00
2669 59650.00
2670 65758.00
2671 68553.00
2672 63464.00
2673 59252.00
2674 59217.00
2675 59229.00
2676 59193.00
2677 60037.00
2678 63794.00
2679 63818.00
2680 63652.00
2681 63598.00
2682 64318.00
2683 59225.00
2684 62068.00
2685 62891.00
2687 62871.00
2688 62866.00
2689 62790.00
2690 62782.00
2691 67332.00
2692 62246.00
2693 62169.00
2694 71205.00
2695 71985.00
2696 66893.00
2697 71046.00
2698 65954.00
2699 61560.00
2700 61387.00
2701 61323.00
2702 61322.00
2703 60989.00
2704 60832.00
2705 68780.00
2706 65728.00
2707 70624.00
2708 65529.00
2709 65558.00
2710 60468.00
2711 60417.00
2712 67108.00
2713 70010.00
2714 65904.00
2715 68787.00
2716 63695.00
2717 73518.00
2718 68453.00
2719 69698.00
2720 65269.00
2721 60182.00
2722 58992.00
2723 63792.00
2724 68770.00
2725 63682.00
2726 70550.00
2727 65506.00
2728 68336.00
2729 63253.00
2730 59038.00
2731 61018.00
2732 70106.00
2733 65070.00
2734 60483.00
2735 61408.00
2736 64840.00
2737 68855.00
2738 63831.00
2739 62116.00
2740 62222.00
2741 62155.00
2742 67086.00
2743 66907.00
2744 61827.00
2745 61472.00
2746 61272.00
2747 61101.00
2748 60742.00
2749 63794.00
2750 58734.00
2751 59458.00
2752 59177.00
2753 58996.00
2754 60173.00
2755 71394.00
2756 66316.00
2757 61214.00
2758 64935.00
2759 59895.00
2760 62299.00
2761 63352.00
2762 63239.00
2763 62772.00
2764 62905.00
2765 70566.00
2766 65479.00
2767 62383.00
2768 62317.00
2769 62177.00
2770 62051.00
2771 70311.00
2772 65253.00
2773 61713.00
2774 61720.00
2775 63816.00
2776 66665.00
2777 62268.00
2778 61448.00
2779 60938.00
2780 66011.00
2781 74316.00
2782 69256.00
2783 64158.00
2784 61477.00
2785 64396.00
2786 59305.00
2787 60143.00
2788 66050.00
2789 69343.00
2790 64246.00
2791 59979.00
2792 61759.00
2793 64855.00
2794 59763.00
2795 59685.00
2796 67364.00
2797 62434.00
2798 59206.00
2799 62237.00
2800 64005.00
2801 68931.00
2802 68458.00
2803 63372.00
2804 58284.00
2805 61356.00
2806 64205.00
2807 59113.00
2808 61950.00
2809 63063.00
2810 62977.00
2811 62499.00
2812 62435.00
2813 62724.00
2814 62319.00
2815 70203.00
2816 72210.00
2817 67117.00
2818 62843.00
2819 61924.00
2820 63814.00
2821 58739.00
2822 69384.00
2823 64304.00
2824 66284.00
2825 69239.00
2826 64150.00
2827 61118.00
2828 61038.00
2829 60663.00
2830 60543.00
2831 60484.00
2832 71420.00
2833 70287.00
2834 65194.00
2835 61236.00
2836 60283.00
2837 60450.00
2838 62907.00
2839 74656.00
2840 69587.00
2841 64489.00
2842 64403.00
2843 59312.00
2844 63841.00
2845 63836.00
2846 63815.00
2847 63753.00
2848 71800.00
2849 66725.00
2850 63324.00
2851 63222.00
2852 63196.00
2853 63089.00
2854 71052.00
2855 72971.00
2856 67889.00
2857 62790.00
2858 62718.00
2859 70361.00
2860 70215.00
2861 65121.00
2862 62112.00
2863 69890.00
2864 65127.00
2865 73390.00
2866 68816.00
2867 63938.00
2868 66827.00
2869 62916.00
2870 64502.00
2871 60662.00
2872 62283.00
2873 72283.00
2874 67200.00
2876 61919.00
2875 67048.00
2877 62744.00
2878 62919.00
2879 63747.00
2880 66591.00
2881 61498.00
2882 62342.00
2883 65116.00
2884 60040.00
2885 62042.00
2886 61906.00
2887 61784.00
2888 63525.00
2889 58453.00
2890 62258.00
2891 62452.00
2892 61227.00
2893 61153.00
2894 61115.00
2895 61032.00
2896 60919.00
2897 60848.00
2898 67693.00
2899 70560.00
2900 66179.00
2901 62295.00
2902 63085.00
2903 74050.00
2904 68977.00
2905 69709.00
2906 64618.00
2907 59516.00
2908 59379.00
2909 60439.00
2910 71124.00
2911 72254.00
2912 68074.00
2913 62987.00
2914 60721.00
2915 60587.00
2916 63545.00
2917 63463.00
2918 68495.00
2919 68460.00
2920 63373.00
2921 63071.00
2922 67245.00
2923 62764.00
2924 67481.00
2925 72412.00
2926 67331.00
2927 70210.00
2928 65128.00
2929 60033.00
2930 62192.00
2931 61990.00
2932 61576.00
2933 61875.00
2934 61440.00
2935 66608.00
2936 69613.00
2937 64527.00
2938 61097.00
2939 61000.00
2940 61137.00
2941 60916.00
2942 61014.00
2943 60883.00
2944 60468.00
2945 60266.00
2946 60346.00
2947 64932.00
2948 65251.00
2949 60163.00
2950 60924.00
2951 63767.00
2952 67685.00
2953 64204.00
2954 59487.00
2955 59150.00
2956 60335.00
2957 63168.00
2958 63935.00
2959 58839.00
2960 58853.00
2961 66617.00
2962 61604.00
2963 58398.00
2964 58286.00
2965 68142.00
2966 67912.00
2967 63983.00
2968 64021.00
2969 59728.00
2970 61377.00
2971 62532.00
2972 63254.00
2973 62410.00
2974 71328.00
2975 66243.00
2976 66183.00
2977 61085.00
2978 61883.00
2979 62784.00
2980 65444.00
2981 60316.00
2982 61090.00
2983 63923.00
2984 58833.00
2985 59638.00
2986 59497.00
2987 59400.00
2988 59052.00
2989 60823.00
2990 67015.00
2991 61953.00
2992 58790.00
2994 58631.00
2995 64488.00
2996 59426.00
2997 63123.00
2998 63176.00
2999 63199.00
3000 67828.00
3001 67728.00
3002 62644.00
3003 62469.00
3004 62348.00
3005 66953.00
3006 67426.00
3007 62338.00
3008 64091.00
3009 59836.00
3010 67059.00
3011 66817.00
3012 61732.00
3013 61263.00
3014 61206.00
3015 61238.00
3016 61944.00
3017 60980.00
3018 61219.00
3019 61292.00
3020 61015.00
3021 60505.00
3022 60398.00
3023 60403.00
3024 60277.00
3025 60414.00
3026 60293.00
3027 59991.00
3028 59865.00
3029 59799.00
3030 60588.00
3031 59485.00
3032 67372.00
3033 62325.00
3034 61241.00
3035 58925.00
3036 59105.00
3037 58983.00
3038 68849.00
3039 63856.00
3040 59615.00
3041 59161.00
3042 70344.00
3043 65316.00
3044 63365.00
3045 64086.00
3046 59004.00
3047 61745.00
3048 62310.00
3049 67608.00
3050 68691.00
3051 64259.00
3052 62104.00
3053 62382.00
3054 62126.00
3055 62040.00
3056 62195.00
3057 61599.00
3058 61900.00
3059 61285.00
3060 61310.00
3061 69305.00
3062 71192.00
3063 66154.00
3064 66042.00
3065 60991.00
3066 62611.00
3067 65816.00
3068 60780.00
3069 60432.00
3070 68268.00
3071 67864.00
3072 62776.00
3073 59764.00
3074 59812.00
3075 59616.00
3076 59167.00
3077 67301.00
3078 62235.00
3079 59115.00
3080 59058.00
3081 58854.00
3082 58861.00
3083 63867.00
3084 68560.00
3085 69577.00
3086 64488.00
3087 59384.00
3088 62235.00
3089 68195.00
3090 68077.00
3091 62988.00
3092 65851.00
3093 60790.00
3094 62470.00
3095 62348.00
3096 62335.00
3097 67026.00
3098 68233.00
3099 62962.00
3100 63701.00
3101 66567.00
3102 70568.00
3103 65516.00
3104 65730.00
3105 74018.00
3106 68937.00
3107 63778.00
3108 67363.00
3109 70321.00
3110 65230.00
3111 61270.00
3112 62935.00
3113 64800.00
3114 59709.00
3115 59684.00
3116 59323.00
3117 64181.00
3118 64054.00
3119 60085.00
3120 60943.00
3121 63893.00
3122 59632.00
3123 58619.00
3124 58561.00
3125 58592.00
3126 71345.00
3127 66254.00
3128 64008.00
3129 60198.00
3130 58938.00
3131 61964.00
3132 63608.00
3133 58540.00
3134 62415.00
3135 62315.00
3136 62289.00
3137 62304.00
3138 61823.00
3139 61951.00
3140 61764.00
3141 61755.00
3142 70362.00
3143 71537.00
3144 71537.00
3145 67286.00
3146 63028.00
3147 63928.00
3148 59129.00
3149 65568.00
3150 70522.00
3151 65837.00
3152 65318.00
3153 60225.00
3154 60261.00
3155 60108.00
3156 65086.00
3157 65000.00
3158 60792.00
3159 59899.00
3160 61535.00
3161 64453.00
3162 59362.00
3163 64238.00
3164 64054.00
3165 58948.00
3166 58830.00
3167 58696.00
3168 68881.00
3169 63791.00
3170 63725.00
3172 60237.00
3171 65375.00
3173 63216.00
3174 63159.00
3175 63003.00
3176 64996.00
3177 59905.00
3178 63075.00
3179 62328.00
3180 62604.00
3181 62068.00
3182 62084.00
3183 61970.00
3184 61891.00
3185 61835.00
3186 68755.00
3187 71660.00
3188 66573.00
3189 65715.00
3190 61155.00
3191 66221.00
3192 66155.00
3193 61071.00
3194 60630.00
3195 60541.00
3196 60586.00
3197 60456.00
3198 60378.00
3199 60348.00
3200 60268.00
3201 60283.00
3202 68054.00
3203 62966.00
3204 59598.00
3205 59642.00
3206 61347.00
3207 64515.00
3208 60272.00
3209 62294.00
3210 64064.00
3211 58969.00
3212 58724.00
3213 66739.00
3214 63711.00
3215 63714.00
3216 63366.00
3217 62978.00
3218 62479.00
3219 62510.00
3220 62439.00
3221 62349.00
3222 62075.00
3223 62083.00
3224 61980.00
3225 69898.00
3226 69647.00
3227 69537.00
3228 64438.00
3229 61473.00
3230 61224.00
3231 61027.00
3232 60963.00
3233 60887.00
3234 60957.00
3235 60462.00
3236 60540.00
3237 76634.00
3238 71557.00
3239 66458.00
3240 62111.00
3241 65132.00
3242 60046.00
3243 59872.00
3244 59407.00
3245 69849.00
3246 69384.00
3247 64627.00
3248 60315.00
3249 59021.00
3250 58937.00
3251 59032.00
3252 58946.00
3253 58796.00
3254 67005.00
3255 71808.00
3256 66769.00
3257 68645.00
3258 68396.00
3259 63340.00
3260 62915.00
3261 62951.00
3262 62769.00
3263 78920.00
3264 73869.00
3265 68771.00
3266 65553.00
3267 62137.00
3268 62083.00
3269 62058.00
3270 62085.00
3271 61626.00
3272 61599.00
3273 61556.00
3274 61528.00
3275 61447.00
3276 61094.00
3277 61056.00
3278 61118.00
3279 61073.00
3280 60577.00
3281 60555.00
3282 60577.00
3283 60240.00
3284 68569.00
3285 68427.00
3286 63443.00
3287 59927.00
3288 59812.00
3289 64536.00
3290 67798.00
3291 62709.00
3292 59808.00
3293 59232.00
3294 59087.00
3295 67244.00
3296 62155.00
3297 59061.00
3298 59053.00
3299 58872.00
3300 58496.00
3301 58422.00
3302 71471.00
3303 66382.00
3304 63205.00
3305 62994.00
3306 63019.00
3307 62933.00
3308 62949.00
3309 62390.00
3310 62499.00
3311 62446.00
3312 62717.00
3313 62089.00
3314 62113.00
3315 62108.00
3316 70033.00
3317 69831.00
3318 66308.00
3319 66690.00
3320 61562.00
3321 61346.00
3322 61337.00
3323 61011.00
3324 61150.00
3325 60776.00
3326 60658.00
3327 60457.00
3328 60735.00
3329 60280.00
3330 60487.00
3331 60116.00
3332 59879.00
3333 60209.00
3334 59642.00
3335 59468.00
3336 59391.00
3337 59352.00
3338 67298.00
3339 62260.00
3340 58503.00
3341 58484.00
3342 58368.00
3343 63633.00
3344 63050.00
3345 63287.00
3346 63221.00
3347 63109.00
3348 71005.00
3349 70687.00
3350 65641.00
3351 62617.00
3352 62226.00
3353 62292.00
3354 62055.00
3355 62329.00
3356 62238.00
3357 62072.00
3358 61999.00
3359 61808.00
3360 61507.00
3361 61589.00
3362 61224.00
3363 61114.00
3364 61037.00
3365 68950.00
3366 63906.00
3367 60943.00
3368 60403.00
3369 60620.00
3370 60525.00
3371 60421.00
3372 60259.00
3373 60123.00
3374 59922.00
3375 59776.00
3376 59607.00
3377 64569.00
3378 64942.00
3379 59907.00
3380 59474.00
3381 59249.00
3382 59631.00
3383 59034.00
3384 58972.00
3385 58791.00
3386 58785.00
3387 63618.00
3388 68228.00
3389 63174.00
3390 68500.00
3391 63448.00
3392 58353.00
3393 58071.00
3394 59536.00
3395 62715.00
3396 62570.00
3397 67596.00
3398 70152.00
3399 65498.00
3400 61980.00
3401 61875.00
3402 61798.00
3403 62045.00
3404 61572.00
3405 69506.00
3406 66565.00
3407 61480.00
3408 61262.00
3409 61126.00
3410 68801.00
3411 63977.00
3412 71047.00
3413 65975.00
3414 65668.00
3415 60575.00
3416 60414.00
3417 65509.00
3418 65247.00
3419 60113.00
3420 59936.00
3421 59932.00
3422 59886.00
3423 59489.00
3424 64163.00
3425 64346.00
3426 59268.00
3427 59189.00
3428 59361.00
3429 58715.00
3430 58830.00
3431 58707.00
3432 58669.00
3433 58389.00
3434 58574.00
3435 63436.00
3436 63356.00
3437 62964.00
3438 62931.00
3439 62768.00
3440 62752.00
3441 67377.00
3442 67282.00
3443 62195.00
3444 62195.00
3445 70202.00
3446 67067.00
3447 67011.00
3448 61926.00
3449 61910.00
3450 66535.00
3451 64712.00
3452 59557.00
3453 59444.00
3454 59491.00
3455 59253.00
3456 66891.00
3457 61812.00
3458 63628.00
3459 71773.00
3460 66692.00
3461 61595.00
3462 58090.00
3463 58333.00
3464 57975.00
3465 63033.00
3466 62884.00
3467 62824.00
3468 62721.00
3469 62537.00
3470 62511.00
3471 62335.00
3472 67112.00
3473 76981.00
3474 71894.00
3475 68415.00
3476 66725.00
3477 61638.00
3478 66592.00
3479 69539.00
3480 64432.00
3481 61337.00
3482 61305.00
3483 60931.00
3484 60895.00
3485 68847.00
3486 65736.00
3487 68642.00
3488 64760.00
3489 62566.00
3490 62082.00
3491 65059.00
3492 59973.00
3493 59849.00
3494 66941.00
3495 69977.00
3496 72873.00
3497 67790.00
3498 71433.00
3499 66350.00
3500 61218.00
3501 63394.00
3502 64087.00
3503 59036.00
3504 63813.00
3505 63429.00
3506 58288.00
3507 63425.00
3508 64810.00
3509 59733.00
3510 62899.00
3511 62896.00
3512 68562.00
3513 71422.00
3514 66354.00
3515 62015.00
3516 62831.00
3517 62010.00
3518 61920.00
3519 62106.00
3520 63787.00
3521 59780.00
3522 61413.00
3523 64271.00
3524 60084.00
3525 69406.00
3526 77001.00
3527 71935.00
3528 70836.00
3529 66620.00
3530 62358.00
3531 63697.00
3532 59583.00
3533 61100.00
3534 64475.00
3535 59401.00
3536 59839.00
3537 67747.00
3538 67673.00
3539 64631.00
3540 60314.00
3541 59370.00
3542 59417.00
3543 59049.00
3544 58933.00
3545 58866.00
3546 59655.00
3547 62966.00
3548 63795.00
3549 58708.00
3550 64081.00
3551 68230.00
3552 78383.00
3553 73354.00
3554 68255.00
3555 68051.00
3556 63691.00
3557 62730.00
3558 62764.00
3559 67657.00
3560 69617.00
3561 64531.00
3562 59433.00
3563 62128.00
3564 64751.00
3565 59678.00
3566 61620.00
3567 61611.00
3568 60071.00
3569 60048.00
3570 59591.00
3571 59489.00
3572 59248.00
3573 59315.00
3574 61222.00
3575 64040.00
3576 60155.00
3577 58842.00
3578 58720.00
3579 63603.00
3580 63402.00
3581 63578.00
3582 65142.00
3583 60054.00
3584 63249.00
3585 65819.00
3586 60731.00
3587 62717.00
3588 71741.00
3589 66706.00
3590 67173.00
3591 66986.00
3592 62324.00
3593 65115.00
3594 61174.00
3595 62775.00
3596 65958.00
3597 60882.00
3598 66431.00
3599 66606.00
3600 61484.00
3601 61330.00
3602 61114.00
3603 69116.00
3604 68752.00
3605 65616.00
3606 65501.00
3607 60429.00
3608 60728.00
3609 63210.00
3610 65215.00
3611 60394.00
3612 61146.00
3613 63867.00
3614 64927.00
3615 59845.00
3616 64587.00
3617 64621.00
3618 59578.00
3619 64272.00
3620 64208.00
3621 59159.00
3622 59191.00
3623 64170.00
3624 63816.00
3625 58736.00
3626 59574.00
3627 62548.00
3628 71579.00
3629 66550.00
3630 64874.00
3631 66868.00
3632 63011.00
3633 62634.00
3634 62698.00
3635 62657.00
3636 63408.00
3637 66542.00
3638 63006.00
3639 62107.00
3640 61945.00
3641 63076.00
3642 65826.00
3643 60738.00
3644 61744.00
3645 61352.00
3646 61436.00
3647 61266.00
3648 61248.00
3649 61031.00
3650 60636.00
3651 60851.00
3652 60695.00
3653 68553.00
3654 65325.00
3655 60229.00
3656 60293.00
3657 59962.00
3658 59846.00
3659 59733.00
3660 59529.00
3661 59777.00
3662 59574.00
3663 59366.00
3664 59268.00
3665 60282.00
3666 71026.00
3667 65955.00
3668 60859.00
3669 58543.00
3670 59722.00
3671 63464.00
3672 59550.00
3673 61451.00
3674 64180.00
3675 67723.00
3676 67986.00
3677 67998.00
3678 62947.00
3679 62567.00
3680 62388.00
3681 62315.00
3682 62452.00
3683 61990.00
3684 66951.00
3685 64810.00
3686 59531.00
3687 59447.00
3688 58961.00
3689 59159.00
3690 58962.00
3691 63826.00
3692 74234.00
3693 69149.00
3694 64354.00
3695 62852.00
3696 63070.00
3697 62724.00
3698 63024.00
3699 62444.00
3700 62177.00
3701 62040.00
3702 61962.00
3703 67085.00
3704 67103.00
3705 62008.00
3706 61827.00
3707 61494.00
3708 61330.00
3709 61308.00
3710 61064.00
3711 60931.00
3712 61275.00
3713 61172.00
3714 60907.00
3715 60960.00
3716 60474.00
3717 60707.00
3718 60237.00
3719 65415.00
3720 65413.00
3721 60319.00
3722 59710.00
3723 67907.00
3724 62851.00
3725 61387.00
3726 64575.00
3727 59500.00
3728 59299.00
3729 61317.00
3730 72103.00
3731 67071.00
3732 61969.00
3733 58790.00
3734 58615.00
3735 66500.00
3736 61466.00
3737 68734.00
3738 73262.00
3739 68173.00
3740 63074.00
3741 60783.00
3742 62913.00
3743 62631.00
3744 62355.00
3745 67248.00
3746 76420.00
3747 71361.00
3748 73177.00
3749 68116.00
3750 63015.00
3751 62778.00
3752 62751.00
3753 65469.00
3754 60396.00
3755 62274.00
3756 65042.00
3757 59982.00
3758 60953.00
3759 62102.00
3760 72760.00
3761 67728.00
3762 62665.00
3763 61252.00
3764 61113.00
3765 60952.00
3766 64119.00
3767 59061.00
3768 59853.00
3769 59601.00
3770 59566.00
3771 64586.00
3772 65206.00
3773 60134.00
3774 63149.00
3775 58115.00
3776 59035.00
3777 58913.00
3778 59873.00
3779 62390.00
3780 71410.00
3781 66326.00
3782 68343.00
3783 63260.00
3784 63096.00
3785 70983.00
3786 71745.00
3787 66692.00
3788 68547.00
3789 64444.00
3790 60166.00
3791 61269.00
3792 62021.00
3793 61968.00
3794 61844.00
3795 69990.00
3796 70678.00
3797 65589.00
3798 62495.00
3799 61185.00
3800 70219.00
3801 66026.00
3802 65827.00
3803 59686.00
3804 59508.00
3805 59378.00
3806 59010.00
3807 68190.00
3808 69148.00
3809 80833.00
3810 75736.00
3811 71605.00
3812 66518.00
3813 63369.00
3814 66179.00
3815 62210.00
3816 63928.00
3817 59161.00
3818 61874.00
3819 62551.00
3820 62465.00
3821 62722.00
3822 62531.00
3823 62066.00
3824 62107.00
3825 62014.00
3826 63108.00
3827 65695.00
3828 60619.00
3829 61495.00
3830 61568.00
3831 61268.00
3832 62308.00
3833 65209.00
3834 60123.00
3835 69081.00
3836 63992.00
3837 60809.00
3838 60639.00
3839 60482.00
3840 60300.00
3841 60241.00
3842 60014.00
3843 60030.00
3844 59683.00
3845 59699.00
3846 59643.00
3847 59463.00
3848 59312.00
3849 59152.00
3850 59085.00
3851 59019.00
3852 59240.00
3853 63832.00
3854 71787.00
3855 66700.00
3856 61606.00
3857 58525.00
3858 58502.00
3859 63221.00
3860 70981.00
3861 70856.00
3862 65760.00
3863 62784.00
3864 62696.00
3865 62457.00
3866 62322.00
3867 62152.00
3868 61984.00
3869 61892.00
3870 61788.00
3871 61665.00
3872 61834.00
3873 61773.00
3874 61662.00
3875 61528.00
3876 69367.00
3877 64280.00
3878 61297.00
3879 60995.00
3880 60747.00
3881 60779.00
3882 60564.00
3883 60493.00
3884 60287.00
3885 60259.00
3886 68373.00
3887 68279.00
3888 63191.00
3889 59837.00
3890 59801.00
3891 59714.00
3892 59403.00
3893 59434.00
3894 59231.00
3895 59117.00
3896 58962.00
3897 58891.00
3898 58645.00
3899 58575.00
3900 58634.00
3901 66454.00
3902 61365.00
3903 58177.00
3904 63267.00
3905 63348.00
3906 63009.00
3907 63947.00
3908 58862.00
3909 61711.00
3910 62379.00
3911 71576.00
3912 66564.00
3913 69280.00
3914 76225.00
3915 71190.00
3916 66097.00
3917 63593.00
3918 69876.00
3919 64732.00
3920 60971.00
3921 60917.00
3922 60954.00
3923 60768.00
3924 60610.00
3925 68587.00
3926 66044.00
3927 60954.00
3928 69475.00
3929 64435.00
3930 59829.00
3931 60170.00
3932 59699.00
3933 59606.00
3934 59720.00
3935 59628.00
3936 59179.00
3937 59205.00
3938 59047.00
3939 64037.00
3940 63620.00
3941 67879.00
3942 62786.00
3943 58539.00
3944 66658.00
3945 61573.00
3946 58211.00
3947 63206.00
3948 58117.00
3949 62730.00
3950 62822.00
3951 62631.00
3952 62544.00
3953 71665.00
3954 66659.00
3955 62259.00
3956 62087.00
3957 62060.00
3958 61867.00
3959 63037.00
3960 65603.00
3961 61728.00
3962 69639.00
3963 64563.00
3964 61141.00
3965 69074.00
3966 63988.00
3967 60843.00
3968 60836.00
3969 60856.00
3970 60806.00
3971 60410.00
3972 65247.00
3973 73320.00
3974 68242.00
3975 63160.00
3976 60100.00
3977 59877.00
3978 59825.00
3979 60554.00
3980 63602.00
3981 58528.00
3982 64262.00
3983 64165.00
3984 59300.00
3985 59131.00
3986 58879.00
3987 58839.00
3988 58479.00
3989 58423.00
3990 63386.00
3991 63523.00
3992 58498.00
3993 68953.00
3994 67966.00
3995 64967.00
3996 70828.00
3997 65740.00
3998 62453.00
3999 62606.00
